1.060535
0.584038
0.950547
0.653396
0.915172
0.854795
0.68696
0.4705039999999999
1.0554189999999999
1.054546
1.038779
0.541728
1.155732
0.901216
1.036603
0.611564
0.9740629999999999
0.774905
0.5837319999999999
0.941114
0.6938
0.816017
0.82528
0.671626
0.8942129999999999
1.135399
0.799472
0.89844
0.786088
0.9501029999999999
0.76845
0.54337
0.779393
0.717973
0.5379229999999999
0.9046719999999999
0.539974
1.237805
0.933665
1.093248
0.863605
1.12767
1.0418319999999999
0.622414
0.524582
0.686337
1.156291
0.785202
0.9345129999999999
1.0006
0.6949949999999999
0.60536
1.251417
0.995401
0.8707929999999999
0.771901
1.014513
0.723954
0.81413
1.3924239999999999
0.913532
1.0277479999999999
0.911312
1.119634
0.784453
0.768608
0.851152
0.755078
0.871091
0.950561
0.5388999999999999
0.754524
0.5147419999999999
1.036787
0.554897
0.95539
0.682113
1.022321
0.59719
0.938627
1.178426
0.7560129999999999
0.9942230000000001
0.556022
1.040978
0.775942
1.140523
0.691643
0.624517
0.713092
0.7347659999999999
0.72034
0.6545449999999999
0.827529
0.873073
0.880154
0.9424950000000001
0.803155
1.108403
0.925562
0.8007949999999999
0.8433379999999999
0.831583
1.0760049999999999
1.110909
0.549098
0.781395
1.0768389999999999
0.647826
1.256537
0.868296
0.634911
0.59493
0.8448479999999999
0.814472
1.205084
1.0429519999999999
0.991293
1.2025029999999999
1.077645
0.897046
1.112663
0.508398
0.9556359999999999
1.149997
1.007607
0.882516
0.776127
0.913953
0.7398549999999999
1.095475
1.256427
0.9020859999999999
0.805395
1.0154699999999999
1.053225
0.674281
0.74522
0.949424
0.590287
0.7137049999999999
0.894301
1.010023
0.5034299999999999
0.667883
0.78828
1.084363
0.777898
1.15123
1.000582
0.9447220000000001
1.008518
0.8999969999999999
0.47617599999999993
1.116608
0.608151
0.9777579999999999
0.8580249999999999
0.887828
0.6994819999999999
0.654134
1.096534
0.9408799999999999
0.7684639999999999
0.7302569999999999
0.6047779999999999
0.748732
1.028426
1.1034329999999999
0.880612
0.988588
1.081713
0.8035669999999999
1.262611
0.856061
0.613514
0.7589009999999999
0.6396339999999999
0.8081499999999999
0.962259
0.767873
0.638864
0.747455
0.9628189999999999
0.958423
0.980874
0.646571
1.057435
0.6208049999999999
0.5903189999999999
1.078235
0.811881
1.129539
1.019115
0.895585
0.651894
0.5252209999999999
0.5273669999999999
0.8964139999999999
0.81034
0.957733
0.358229
0.458638
0.907833
0.9392769999999999
1.162476
0.7255499999999999
0.92299
1.112328
0.6994429999999999
0.7536109999999999
0.902315
1.064864
1.104654
0.5654399999999999
0.9204629999999999
0.641234
1.02988
0.838585
0.793809
0.9460549999999999
1.109019
0.6160169999999999
0.802735
0.6322249999999999
1.076461
0.686591
0.690001
0.941738
0.930462
1.137198
1.083853
0.956113
0.8995759999999999
0.857717
0.9686870000000001
1.174633
0.9482329999999999
0.799555
0.677427
1.2282089999999999
0.6737139999999999
0.842329
0.724726
1.277035
0.743792
0.470978
0.5768719999999999
0.568466
0.7614299999999999
1.016629
0.988998
0.491059
0.973327
0.8770279999999999
0.624537
1.119985
0.7124619999999999
0.816426
0.760494
0.748344
0.806076
0.610946
1.394134
0.8436699999999999
1.050671
1.090344
0.9294859999999999
0.7807649999999999
0.9443189999999999
0.759056
1.202823
0.847824
0.6925549999999999
0.848896
0.578993
0.67545
0.919215
0.697618
0.626255
0.631966
0.86329
0.88546
0.8427669999999999
0.944137
0.817534
1.1359219999999999
0.9621679999999999
1.050006
1.1921709999999999
0.956369
0.575689
0.7807879999999999
0.8785259999999999
1.052564
0.951646
0.983352
0.8714149999999999
1.052234
0.676211
0.616799
0.5343479999999999
1.092991
0.42528999999999995
0.6274569999999999
0.6191409999999999
1.051281
0.964783
0.730472
0.956987
0.86524
0.785539
0.547723
0.8663489999999999
0.5408419999999999
0.969341
0.860638
0.7453799999999999
1.361137
1.343553
0.925176
0.745205
0.980421
0.820885
1.067482
0.823264
0.9870110000000001
0.840067
0.847426
1.069174
0.9665779999999999
0.6261399999999999
0.9383889999999999
0.7791399999999999
0.73391
1.134676
1.0229949999999999
0.500238
0.654821
1.021697
0.685394
0.634406
0.7746419999999999
1.107978
1.063175
0.919312
0.868949
0.73142
0.9832939999999999
0.690777
1.217569
1.122958
0.5521389999999999
0.917191
1.085859
0.605866
1.2030699999999999
0.811901
0.576093
0.719772
1.1106289999999999
0.591996
0.6705019999999999
0.9257179999999999
0.7414419999999999
1.209857
1.142002
0.6867989999999999
0.7666839999999999
1.251433
0.688855
1.486529
0.8568709999999999
0.6280319999999999
0.916333
0.664245
0.694361
1.01091
0.740425
1.080129
0.712104
0.8678469999999999
1.059239
0.567835
0.9575069999999999
0.878922
1.052628
0.817579
0.663217
1.066116
0.7155159999999999
0.881022
0.496332
0.693238
0.852175
0.5823429999999999
0.972553
0.5579459999999999
1.037812
0.737702
1.087797
0.611162
0.772847
0.7834169999999999
1.021083
0.560551
1.1241889999999999
0.559426
1.136256
0.749972
0.625321
1.012627
0.682072
1.23987
0.716433
0.9685090000000001
0.9656799999999999
1.1210579999999999
1.08787
0.847244
0.765597
0.708332
0.96942
0.532799
1.132066
1.050985
0.7207049999999999
1.098803
0.65074
0.897056
0.799885
0.7336309999999999
0.755487
0.833344
0.9223439999999999
0.682506
0.664173
1.117265
1.065656
0.514821
1.427184
0.9540759999999999
0.8554999999999999
0.638176
0.779853
0.719231
0.867968
0.719171
1.078949
1.063821
0.8983709999999999
0.6185889999999999
0.847796
1.014014
1.350461
1.396467
0.71616
0.746765
0.980153
0.746849
1.001585
0.809109
0.701624
0.878656
0.7074579999999999
0.716394
0.9217069999999999
0.819658
0.7433649999999999
0.59561
0.838853
0.768608
0.623668
0.758196
1.1488369999999999
0.66347
0.785076
0.9842949999999999
0.612565
1.126184
1.073176
0.93867
0.8584849999999999
0.673924
1.055086
0.694626
0.948089
1.138807
0.680306
0.764722
0.701302
0.75635
0.54757
1.115373
0.606117
1.07954
0.6808879999999999
0.561873
0.550565
0.6894129999999999
0.41875700000000005
0.473097
0.48464799999999997
0.499378
0.5125149999999999
0.523655
0.5274789999999999
0.539485
0.545763
0.592676
0.612899
0.6193029999999999
0.623683
0.6288389999999999
0.630825
0.6309699999999999
0.634938
0.642084
0.6424599999999999
0.642734
0.672098
0.6737369999999999
0.679613
0.680601
0.6810499999999999
0.683956
0.6900259999999999
0.6912229999999999
0.693595
0.695133
0.703129
0.7145349999999999
0.722272
0.729117
0.7368509999999999
0.740992
0.747378
0.759744
0.77194
0.7749929999999999
0.791202
0.811524
0.813511
0.824789
0.83671
0.8374039999999999
0.861974
0.873865
0.9177409999999999
0.928766
0.366208
0.38304000000000005
0.38314499999999996
0.383181
0.39202000000000004
0.410944
0.411574
0.425469
0.42683499999999996
0.429053
0.43306900000000004
0.441708
0.44825399999999993
0.449441
0.45033499999999993
0.4568789999999999
0.4571529999999999
0.458954
0.468156
0.468889
0.470272
0.48024
0.48243199999999997
0.499274
0.503821
0.5043489999999999
0.5083179999999999
0.5136959999999999
0.519589
0.519678
0.522465
0.5246069999999999
0.5326139999999999
0.535783
0.542358
0.542692
0.5427879999999999
0.549619
0.551994
0.562381
0.575745
0.598406
0.599488
0.6029869999999999
0.614175
0.6166189999999999
0.619375
0.620938
0.645087
0.695535
0.34380299999999997
0.390806
0.39560700000000004
0.402351
0.40322100000000005
0.421257
0.42449899999999996
0.428179
0.42962
0.432295
0.43376499999999996
0.45008499999999996
0.45179899999999995
0.45585699999999996
0.457963
0.459704
0.46153999999999995
0.46353
0.4635389999999999
0.471379
0.479136
0.488386
0.4887929999999999
0.494452
0.499989
0.503879
0.506496
0.517739
0.519705
0.520659
0.532492
0.532575
0.5384829999999999
0.539225
0.539241
0.5400269999999999
0.54965
0.560782
0.576981
0.594255
0.601745
0.604376
0.606843
0.6090869999999999
0.6395029999999999
0.646349
0.6600269999999999
0.685689
0.6935439999999999
0.9270379999999999
0.280002
0.30864199999999997
0.37050400000000006
0.390745
0.39622
0.40173099999999995
0.402096
0.40411699999999995
0.413944
0.41432899999999995
0.42707799999999996
0.43668399999999996
0.447723
0.450404
0.451341
0.4513539999999999
0.452229
0.45677599999999996
0.46046999999999993
0.471438
0.47345899999999996
0.473749
0.475851
0.479167
0.4792409999999999
0.48169799999999996
0.48275999999999997
0.48525299999999993
0.485398
0.486656
0.48870199999999997
0.48960399999999993
0.497734
0.500023
0.504244
0.510506
0.515218
0.517448
0.5238689999999999
0.534831
0.536507
0.561165
0.5753199999999999
0.583676
0.598063
0.600582
0.6103459999999999
0.626466
0.6407269999999999
0.6521859999999999
0.34030800000000005
0.369815
0.37044200000000005
0.37542600000000004
0.37649600000000005
0.383464
0.392984
0.395722
0.40088100000000004
0.40795800000000004
0.42118999999999995
0.423195
0.42532400000000004
0.42576499999999995
0.426821
0.427376
0.432698
0.437257
0.447141
0.452796
0.45701499999999995
0.47806799999999994
0.479344
0.4823839999999999
0.491553
0.507443
0.5093369999999999
0.512438
0.519469
0.520712
0.52194
0.528345
0.532287
0.534165
0.535453
0.538099
0.540284
0.543647
0.5487259999999999
0.566241
0.566349
0.578598
0.583071
0.589685
0.6033609999999999
0.6115929999999999
0.6124229999999999
0.6522399999999999
0.666628
0.83638
0.257351
0.307299
0.314036
0.319149
0.350712
0.366082
0.385289
0.400131
0.40222
0.404965
0.414632
0.416791
0.417814
0.42641300000000004
0.42728200000000005
0.42757900000000004
0.429975
0.43079100000000004
0.430956
0.43435599999999996
0.43539700000000003
0.43662599999999996
0.43862999999999996
0.4519679999999999
0.46004
0.464228
0.46457799999999994
0.47027399999999997
0.481051
0.484287
0.484965
0.49203299999999994
0.493371
0.497243
0.497482
0.499077
0.499078
0.500497
0.503524
0.509235
0.5099819999999999
0.518567
0.5260199999999999
0.534418
0.537897
0.5660959999999999
0.589249
0.641941
0.672841
0.709355
0.249879
0.34721599999999997
0.35058500000000004
0.370432
0.37224
0.374726
0.380124
0.38191600000000003
0.38562700000000005
0.405188
0.41255
0.41367299999999996
0.42262
0.43027800000000005
0.434396
0.441288
0.445252
0.448275
0.45379499999999995
0.454279
0.4582339999999999
0.461993
0.467136
0.467197
0.467666
0.47760099999999994
0.4783569999999999
0.48276699999999995
0.483653
0.487143
0.48921099999999995
0.48961
0.49282499999999996
0.4951169999999999
0.49574299999999993
0.497355
0.499387
0.511811
0.51647
0.522033
0.526952
0.5467369999999999
0.550217
0.5514629999999999
0.556828
0.595811
0.597287
0.625062
0.637127
0.663202
0.292088
0.303462
0.320543
0.382556
0.39605599999999996
0.40464100000000003
0.41732800000000003
0.42310800000000004
0.42603800000000003
0.42908900000000005
0.43414600000000003
0.436326
0.43904299999999996
0.441384
0.441624
0.44547899999999996
0.446705
0.45284499999999994
0.45435099999999995
0.454719
0.45539799999999997
0.46332399999999996
0.47119999999999995
0.47132699999999994
0.47199199999999997
0.482267
0.485309
0.4857429999999999
0.4909819999999999
0.49890099999999993
0.49989399999999995
0.500359
0.501316
0.501404
0.505892
0.509033
0.515664
0.516679
0.5186919999999999
0.52194
0.5274099999999999
0.540673
0.559172
0.570186
0.578239
0.579436
0.583129
0.589442
0.596177
0.603367
0.377806
0.387574
0.396884
0.404419
0.405131
0.412987
0.41592399999999996
0.41669900000000004
0.41881199999999996
0.422025
0.42754000000000003
0.430817
0.43664400000000003
0.43807799999999997
0.442856
0.442858
0.44457
0.44543
0.445852
0.459823
0.46245499999999995
0.462967
0.46743
0.47189099999999995
0.4820209999999999
0.484468
0.48778299999999997
0.488745
0.491062
0.49125699999999994
0.49191299999999993
0.49192
0.495544
0.5028079999999999
0.503512
0.503643
0.507141
0.5082479999999999
0.512868
0.5457569999999999
0.554612
0.5591189999999999
0.559472
0.5701379999999999
0.576851
0.592275
0.6026659999999999
0.610188
0.616346
0.657847
0.34374099999999996
0.35504500000000005
0.379478
0.380463
0.38124499999999995
0.38466100000000003
0.385316
0.38558899999999996
0.3944
0.401193
0.402042
0.407725
0.408076
0.410659
0.411088
0.420447
0.423636
0.42489299999999997
0.427277
0.43584100000000003
0.443126
0.4445279999999999
0.45414299999999996
0.45650499999999994
0.464801
0.48228499999999996
0.485179
0.488599
0.48962799999999995
0.49175499999999994
0.501799
0.5142639999999999
0.5335409999999999
0.54709
0.5511079999999999
0.561885
0.58597
0.5871069999999999
0.593421
0.606515
0.611294
0.62183
0.6253179999999999
0.628587
0.637751
0.655283
0.655544
0.656378
0.6596879999999999
0.6671969999999999
0.362309
0.37921400000000005
0.379537
0.39422199999999996
0.39445699999999995
0.399046
0.403702
0.40619099999999997
0.41225100000000003
0.419524
0.42191100000000004
0.42257
0.427165
0.427636
0.428353
0.42961400000000005
0.43789500000000003
0.4486089999999999
0.44940199999999997
0.453943
0.45799899999999993
0.460071
0.47450799999999993
0.475707
0.480047
0.48068999999999995
0.485409
0.48981399999999997
0.496101
0.4972289999999999
0.500881
0.501977
0.502298
0.504818
0.5073989999999999
0.5112749999999999
0.5132599999999999
0.5161749999999999
0.516509
0.519374
0.521959
0.522937
0.527728
0.530523
0.562172
0.5627139999999999
0.567068
0.627238
0.6537229999999999
0.696992
0.24017400000000003
0.32884500000000005
0.333747
0.343712
0.35052799999999995
0.361966
0.36287899999999995
0.381159
0.383853
0.38525699999999996
0.402984
0.41008100000000003
0.411903
0.427635
0.42943299999999995
0.431299
0.433779
0.43643600000000005
0.437176
0.445885
0.44713499999999995
0.44753
0.449543
0.450322
0.456006
0.456952
0.460831
0.46128099999999994
0.465951
0.46686099999999997
0.47719899999999993
0.477785
0.478193
0.47945499999999996
0.479545
0.481198
0.48340099999999997
0.48416499999999996
0.485398
0.485541
0.49024599999999996
0.49051199999999995
0.49412999999999996
0.507517
0.5137999999999999
0.515404
0.537076
0.567059
0.571
0.5802729999999999
0.32048299999999996
0.352209
0.35667400000000005
0.365814
0.37246999999999997
0.37398699999999996
0.375915
0.37604800000000005
0.37916700000000003
0.386486
0.389829
0.39320600000000006
0.39955300000000005
0.400382
0.402467
0.404427
0.405624
0.407755
0.410794
0.41402000000000005
0.41694
0.424755
0.42867
0.443161
0.44650499999999993
0.44913899999999995
0.45228199999999996
0.453372
0.45701899999999995
0.458662
0.45890699999999995
0.46041299999999996
0.461677
0.47716099999999995
0.479715
0.49154699999999996
0.49949999999999994
0.49951499999999993
0.5032639999999999
0.504068
0.509527
0.512149
0.5375759999999999
0.537675
0.537689
0.543665
0.557645
0.575282
0.579542
0.582194
0.320678
0.32754099999999997
0.34605699999999995
0.36194000000000004
0.362325
0.364896
0.37613300000000005
0.38639199999999996
0.39121700000000004
0.39303699999999997
0.398308
0.401489
0.40703599999999995
0.41613599999999995
0.423323
0.423678
0.42635900000000004
0.43003499999999995
0.434133
0.43586199999999997
0.439851
0.4423
0.444149
0.455477
0.45572
0.4573769999999999
0.4608749999999999
0.46139299999999994
0.462379
0.466816
0.46697
0.46791099999999997
0.46819199999999994
0.476665
0.47851
0.480901
0.481197
0.48200699999999996
0.485422
0.511944
0.5127659999999999
0.5198079999999999
0.532048
0.5373939999999999
0.53919
0.54235
0.566071
0.573817
0.58107
0.592907
0.339561
0.373016
0.375765
0.378525
0.37931499999999996
0.40041499999999997
0.41644400000000004
0.41663300000000003
0.418551
0.420412
0.42052199999999995
0.42405800000000005
0.42511299999999996
0.42518900000000004
0.42555200000000004
0.42789299999999997
0.431218
0.431833
0.43553200000000003
0.43897299999999995
0.441709
0.44244399999999995
0.444739
0.44474499999999995
0.45200699999999994
0.45238199999999995
0.45541599999999993
0.457666
0.461958
0.464124
0.469098
0.476278
0.477112
0.4847659999999999
0.485429
0.49649599999999994
0.49853899999999995
0.5029739999999999
0.512486
0.516527
0.523246
0.535107
0.5547989999999999
0.565402
0.566919
0.567531
0.599163
0.622062
0.6279779999999999
0.649081
0.28146499999999997
0.314813
0.32254099999999997
0.340271
0.359348
0.36198300000000005
0.383186
0.406393
0.40791599999999995
0.410195
0.41234800000000005
0.41417800000000005
0.41667200000000004
0.417863
0.421713
0.42602300000000004
0.426814
0.42739400000000005
0.430438
0.43459499999999995
0.44576399999999994
0.44757099999999994
0.449346
0.45155499999999993
0.45530499999999996
0.4603459999999999
0.460874
0.461869
0.4629249999999999
0.46336199999999994
0.463839
0.4717199999999999
0.47202299999999997
0.4789439999999999
0.48761599999999994
0.48810999999999993
0.494252
0.504456
0.504572
0.514407
0.516516
0.521231
0.526754
0.5273939999999999
0.530918
0.5369149999999999
0.5535939999999999
0.55584
0.565072
0.5764199999999999
0.248109
0.265605
0.27343700000000004
0.31515099999999996
0.335693
0.339847
0.352923
0.35489099999999996
0.372714
0.37348800000000004
0.37787099999999996
0.381571
0.388192
0.390714
0.40681100000000003
0.42812300000000003
0.43039700000000003
0.43058799999999997
0.43164199999999997
0.434658
0.439076
0.44025099999999995
0.441913
0.447072
0.45144799999999996
0.45364499999999996
0.45596899999999996
0.46452899999999997
0.467954
0.47000299999999995
0.47098399999999996
0.47191799999999995
0.473472
0.479294
0.48161999999999994
0.483511
0.49011899999999997
0.494116
0.49431099999999994
0.49464699999999995
0.49965399999999993
0.50085
0.5082329999999999
0.5135879999999999
0.523574
0.5422359999999999
0.5531769999999999
0.558298
0.576394
0.623288
0.283311
0.31493899999999997
0.31686499999999995
0.32255199999999995
0.35631500000000005
0.37654299999999996
0.376869
0.383471
0.383599
0.384351
0.397647
0.40661800000000003
0.411015
0.411755
0.41886
0.42389
0.42681899999999995
0.42806900000000003
0.43755599999999994
0.437902
0.43959899999999996
0.44187999999999994
0.44262
0.457712
0.47753199999999996
0.48348199999999997
0.48392499999999994
0.4910399999999999
0.49190199999999995
0.495903
0.497629
0.4980589999999999
0.49913799999999997
0.499409
0.499865
0.500788
0.501092
0.5049009999999999
0.5051169999999999
0.507304
0.507902
0.5086189999999999
0.5109929999999999
0.5136339999999999
0.517535
0.526867
0.530104
0.536222
0.5836089999999999
0.644133
0.31505700000000003
0.326202
0.36603600000000003
0.36692899999999995
0.373594
0.38157300000000005
0.39133399999999996
0.39708200000000005
0.40797399999999995
0.41307400000000005
0.41956899999999997
0.427264
0.42779599999999995
0.42887699999999995
0.431816
0.44198499999999996
0.44221699999999997
0.44391899999999995
0.44545499999999993
0.45090299999999994
0.4543269999999999
0.46833199999999997
0.46846699999999997
0.47265
0.47530399999999995
0.478445
0.47852399999999995
0.479664
0.48048599999999997
0.48233799999999993
0.49144699999999997
0.49147799999999997
0.49214899999999995
0.493541
0.494279
0.49727199999999994
0.497884
0.510551
0.5106149999999999
0.512007
0.516923
0.523693
0.5258849999999999
0.534203
0.550702
0.559534
0.5638029999999999
0.56772
0.5761609999999999
0.718806
0.263625
0.32872900000000005
0.340398
0.341286
0.355746
0.363517
0.378065
0.379931
0.39056
0.39859199999999995
0.40144899999999994
0.403401
0.40725599999999995
0.41368800000000006
0.4141
0.419836
0.420308
0.42467999999999995
0.425006
0.43608
0.43642800000000004
0.43722399999999995
0.43810499999999997
0.43938
0.4420259999999999
0.44282199999999994
0.444693
0.45304199999999994
0.45907599999999993
0.475035
0.4774189999999999
0.48031899999999994
0.48147799999999996
0.487997
0.49007
0.49056299999999997
0.49387799999999993
0.49429599999999996
0.49511399999999994
0.5002909999999999
0.503769
0.510625
0.5114489999999999
0.52389
0.547943
0.549446
0.550236
0.566662
0.689318
0.866642
0.280377
0.290064
0.33624600000000004
0.33657899999999996
0.343542
0.343564
0.347773
0.356842
0.362347
0.38357300000000005
0.38393900000000003
0.38752699999999995
0.38792400000000005
0.39569699999999997
0.402146
0.410185
0.41418600000000005
0.41500800000000004
0.415161
0.415482
0.420249
0.42187399999999997
0.426577
0.42822499999999997
0.43037499999999995
0.43488099999999996
0.43531200000000003
0.442176
0.445697
0.44658999999999993
0.452302
0.457178
0.460649
0.46309
0.467174
0.467279
0.47206799999999993
0.4730249999999999
0.476189
0.4787429999999999
0.48080599999999996
0.484418
0.4933679999999999
0.496409
0.506263
0.5099779999999999
0.510218
0.520658
0.5292399999999999
0.5769139999999999
0.267444
0.324041
0.32458
0.33930800000000005
0.35229900000000003
0.357054
0.360552
0.369734
0.374115
0.37787800000000005
0.383174
0.38587099999999996
0.38730699999999996
0.388231
0.403118
0.40769
0.412361
0.41366899999999995
0.41405899999999995
0.41681999999999997
0.41764900000000005
0.41983000000000004
0.43296
0.435639
0.444851
0.44487299999999996
0.44955999999999996
0.450033
0.4515739999999999
0.455329
0.45705299999999993
0.459842
0.460792
0.4642299999999999
0.46429599999999993
0.470649
0.470928
0.474615
0.477017
0.47862899999999997
0.48153099999999993
0.48448
0.4863529999999999
0.49266199999999993
0.493536
0.501597
0.508953
0.509151
0.536364
0.6265069999999999
0.298295
0.30830599999999997
0.336306
0.341638
0.34198300000000004
0.367213
0.38010999999999995
0.38678100000000004
0.387761
0.39366500000000004
0.399798
0.40549599999999997
0.40629400000000004
0.408359
0.41070700000000004
0.416482
0.41673899999999997
0.41727800000000004
0.41772200000000004
0.42142199999999996
0.42143699999999995
0.42320500000000005
0.424941
0.42828
0.42866400000000004
0.430203
0.430314
0.43100499999999997
0.431682
0.43246700000000005
0.43643200000000004
0.43951700000000005
0.44140899999999994
0.44444799999999995
0.4467749999999999
0.458329
0.461109
0.46374799999999994
0.48585
0.49053899999999995
0.494
0.49468499999999993
0.502087
0.504346
0.531563
0.5494939999999999
0.555901
0.559484
0.580581
0.626097
0.270485
0.324249
0.34669300000000003
0.364503
0.37797800000000004
0.40158799999999995
0.40519499999999997
0.40968499999999997
0.415454
0.418474
0.42543
0.42716
0.429115
0.431172
0.436191
0.436875
0.44445599999999996
0.44463299999999994
0.44808899999999996
0.45589099999999994
0.458047
0.458438
0.4635429999999999
0.463766
0.46496899999999997
0.468024
0.472569
0.47407299999999997
0.47582899999999995
0.478838
0.48161699999999996
0.4875959999999999
0.48929199999999995
0.490367
0.491189
0.49290199999999995
0.49453899999999995
0.508308
0.51093
0.513739
0.514752
0.52652
0.538755
0.539287
0.5453709999999999
0.583237
0.597882
0.610891
0.619482
0.64944
0.33572900000000006
0.348838
0.38267700000000004
0.39341499999999996
0.395077
0.39775099999999997
0.39871
0.39990899999999996
0.411469
0.413122
0.41586599999999996
0.421373
0.42436700000000005
0.42668300000000003
0.43411999999999995
0.439137
0.43954800000000005
0.44357599999999997
0.4457749999999999
0.44614
0.44644799999999996
0.44736599999999993
0.449658
0.45694999999999997
0.45988799999999996
0.46583399999999997
0.465974
0.46685699999999997
0.46696399999999993
0.46916199999999997
0.47007199999999993
0.47019
0.47434
0.47539599999999993
0.475444
0.481592
0.481707
0.485039
0.49526099999999995
0.510913
0.515744
0.517087
0.5287959999999999
0.530238
0.535523
0.567408
0.570221
0.578503
0.592233
0.598051
0.25408200000000003
0.273902
0.30368700000000004
0.31239300000000003
0.348893
0.351591
0.36336199999999996
0.375656
0.381976
0.38963499999999995
0.395026
0.39553799999999995
0.39711700000000005
0.40407499999999996
0.40600800000000004
0.406022
0.408852
0.42082200000000003
0.424932
0.427732
0.43411599999999995
0.441418
0.44296199999999997
0.451831
0.4545739999999999
0.45498799999999995
0.45968
0.45998799999999995
0.4627
0.464082
0.466291
0.46821199999999996
0.474085
0.476048
0.476707
0.481954
0.48229299999999997
0.49570899999999996
0.5054449999999999
0.518953
0.527019
0.531339
0.534499
0.544383
0.557564
0.566438
0.595324
0.618443
0.621205
0.733155
0.32505399999999995
0.34507600000000005
0.349225
0.359236
0.37480100000000005
0.37947299999999995
0.38429599999999997
0.38939999999999997
0.389567
0.39055399999999996
0.392126
0.39223600000000003
0.395698
0.398895
0.403702
0.40443799999999996
0.405617
0.405833
0.410871
0.41137599999999996
0.41274900000000003
0.41458700000000004
0.41678400000000004
0.42006699999999997
0.42192700000000005
0.421948
0.431362
0.43161000000000005
0.43291900000000005
0.435778
0.436863
0.438928
0.44209199999999993
0.448657
0.453194
0.4537669999999999
0.47079399999999993
0.47166399999999997
0.48109999999999997
0.4836539999999999
0.4880479999999999
0.491282
0.495391
0.506046
0.5093829999999999
0.533134
0.550763
0.5559259999999999
0.5696129999999999
0.609918
0.312438
0.32877100000000004
0.356256
0.37146599999999996
0.381872
0.397624
0.39877300000000004
0.400145
0.40809399999999996
0.408679
0.40871900000000005
0.41011699999999995
0.41248300000000004
0.41922000000000004
0.42283499999999996
0.432234
0.43274
0.438071
0.445708
0.447037
0.4483539999999999
0.457391
0.457747
0.45916199999999996
0.46872
0.470178
0.472433
0.473538
0.47406799999999993
0.474417
0.48014599999999996
0.482471
0.485166
0.48537399999999997
0.487579
0.487726
0.490916
0.4928
0.496069
0.49751499999999993
0.5029589999999999
0.503832
0.5053869999999999
0.513867
0.514733
0.519668
0.5308809999999999
0.598326
0.630637
0.820897
0.22704
0.297681
0.30288499999999996
0.304694
0.32696800000000004
0.33192699999999997
0.33737700000000004
0.343982
0.35129600000000005
0.352985
0.35724900000000004
0.360853
0.367598
0.36785900000000005
0.37147600000000003
0.37321400000000005
0.389135
0.39352299999999996
0.40844
0.414562
0.418114
0.41841300000000003
0.42163700000000004
0.425083
0.42942800000000003
0.434068
0.441268
0.44534799999999997
0.445646
0.446998
0.45884199999999997
0.461195
0.46399199999999996
0.467746
0.47663
0.482178
0.48253999999999997
0.49210699999999996
0.49622
0.497611
0.503875
0.504189
0.5107039999999999
0.517828
0.520718
0.534199
0.5398109999999999
0.5494209999999999
0.559758
0.680488
0.242331
0.31144799999999995
0.32733999999999996
0.328445
0.340047
0.34487500000000004
0.37071699999999996
0.371305
0.37233499999999997
0.37751999999999997
0.38823300000000005
0.39081
0.39410100000000003
0.39878499999999995
0.39972799999999997
0.40417400000000003
0.411161
0.41551400000000005
0.41635
0.420357
0.425416
0.42668399999999995
0.43250999999999995
0.43775200000000003
0.444288
0.4544619999999999
0.459612
0.462823
0.47365199999999996
0.48552399999999996
0.48929599999999995
0.48964299999999994
0.491413
0.4923449999999999
0.49632
0.497201
0.49810199999999993
0.504265
0.508922
0.5107459999999999
0.516212
0.5175569999999999
0.518419
0.5274679999999999
0.531296
0.5376909999999999
0.548291
0.557044
0.561224
0.582177
0.273246
0.29666800000000004
0.30733299999999997
0.32096899999999995
0.33226500000000003
0.34623400000000004
0.34981799999999996
0.350889
0.35460499999999995
0.354911
0.37018700000000004
0.37195500000000004
0.382687
0.38844999999999996
0.391489
0.39192400000000005
0.39761900000000006
0.40122899999999995
0.40331700000000004
0.40920999999999996
0.414204
0.422245
0.433852
0.43776800000000005
0.43999999999999995
0.44469899999999996
0.454727
0.45816099999999993
0.46876299999999993
0.47831199999999996
0.47846599999999995
0.480487
0.48429599999999995
0.485406
0.485784
0.487931
0.48886299999999994
0.493302
0.493351
0.495386
0.500535
0.501219
0.507247
0.508455
0.531566
0.533646
0.5349659999999999
0.552026
0.563801
0.6450859999999999
0.30266800000000005
0.31585399999999997
0.320713
0.32875699999999997
0.333626
0.36019999999999996
0.36676699999999995
0.368363
0.37166699999999997
0.372629
0.39092899999999997
0.392015
0.392637
0.39453800000000006
0.398995
0.402293
0.41036399999999995
0.41375700000000004
0.42151099999999997
0.424848
0.429446
0.42947900000000006
0.43203499999999995
0.43252199999999996
0.433581
0.451431
0.452661
0.45271399999999995
0.456481
0.456658
0.460353
0.46499
0.46937299999999993
0.47083699999999995
0.477197
0.477548
0.479144
0.480939
0.48397499999999993
0.48446199999999995
0.4866539999999999
0.5013329999999999
0.5034689999999999
0.508786
0.511016
0.518354
0.533022
0.550179
0.5522279999999999
0.553678
0.29130999999999996
0.295254
0.30538299999999996
0.309891
0.31206
0.32612300000000005
0.32745199999999997
0.33725700000000003
0.34102299999999997
0.346268
0.347398
0.36028400000000005
0.366101
0.366395
0.36646199999999995
0.366684
0.368085
0.368486
0.36935799999999996
0.372961
0.378352
0.38346199999999997
0.390756
0.390846
0.39495899999999995
0.39738700000000005
0.39861800000000003
0.4021
0.40691
0.40763799999999994
0.41932800000000003
0.42263300000000004
0.433843
0.43580399999999997
0.435905
0.4444469999999999
0.453747
0.46706099999999995
0.467746
0.47032399999999996
0.49728799999999995
0.49981999999999993
0.5048579999999999
0.505212
0.519502
0.5196259999999999
0.525081
0.5271469999999999
0.534546
0.5385409999999999
0.227706
0.29705800000000004
0.31772100000000003
0.31776400000000005
0.330202
0.33199199999999995
0.343256
0.344529
0.35006099999999996
0.36128000000000005
0.36152799999999996
0.37062399999999995
0.37233400000000005
0.37436499999999995
0.38348499999999996
0.39344199999999996
0.39354199999999995
0.40767600000000004
0.408304
0.412794
0.417466
0.420836
0.421481
0.430439
0.430987
0.43208100000000005
0.435415
0.44060599999999994
0.445114
0.450406
0.45391899999999996
0.453975
0.456407
0.45958299999999996
0.46099
0.4615429999999999
0.4723609999999999
0.473225
0.475074
0.48181299999999994
0.488965
0.49443099999999995
0.496835
0.4974489999999999
0.505722
0.5160779999999999
0.5186259999999999
0.535477
0.5614469999999999
0.620105
0.27236400000000005
0.273784
0.295536
0.31982200000000005
0.32981499999999997
0.331001
0.33199599999999996
0.341731
0.34190600000000004
0.34209100000000003
0.35579799999999995
0.38691200000000003
0.395073
0.395416
0.39570099999999997
0.399041
0.403806
0.404431
0.411188
0.41315900000000005
0.414554
0.416671
0.421044
0.428566
0.440874
0.44296599999999997
0.44381099999999996
0.450148
0.4684539999999999
0.46984499999999996
0.47164799999999996
0.47202199999999994
0.4797469999999999
0.48865099999999995
0.4901479999999999
0.49363899999999994
0.4963409999999999
0.506294
0.511718
0.5316839999999999
0.550179
0.562232
0.565917
0.573577
0.577307
0.5814389999999999
0.594807
0.6199749999999999
0.6519699999999999
0.7310059999999999
0.275394
0.30251700000000004
0.31361300000000003
0.320956
0.32244399999999995
0.324368
0.33081799999999995
0.35252700000000003
0.363093
0.36350899999999997
0.36775100000000005
0.36856199999999995
0.36883
0.372259
0.37547200000000003
0.37977099999999997
0.38025699999999996
0.383023
0.390803
0.40661
0.40811200000000003
0.41169900000000004
0.42204600000000003
0.424037
0.424126
0.42522800000000005
0.427709
0.43287
0.43736299999999995
0.43966400000000005
0.443191
0.446943
0.451225
0.4527979999999999
0.454352
0.47785599999999995
0.48326199999999997
0.48559699999999995
0.48649699999999996
0.4962019999999999
0.499223
0.5114909999999999
0.517533
0.526679
0.541383
0.5462509999999999
0.552804
0.55847
0.571433
0.591951
0.271069
0.285408
0.29338699999999995
0.30152100000000004
0.30495700000000003
0.31289100000000003
0.320118
0.325966
0.34492100000000003
0.345421
0.348707
0.35218000000000005
0.35493600000000003
0.367826
0.37161999999999995
0.38284700000000005
0.385648
0.389359
0.39637900000000004
0.400667
0.40740200000000004
0.40996
0.415111
0.417326
0.42422800000000005
0.438565
0.43882200000000005
0.44242499999999996
0.44437399999999994
0.449628
0.45172999999999996
0.45227699999999993
0.4606199999999999
0.46149299999999993
0.46586099999999997
0.470935
0.476606
0.480345
0.48100599999999993
0.481375
0.48177099999999995
0.48219499999999993
0.485136
0.488271
0.48969699999999994
0.5074339999999999
0.515183
0.51962
0.560643
0.610359
0.27593599999999996
0.287234
0.288216
0.328298
0.33816599999999997
0.34701099999999996
0.355055
0.36653899999999995
0.37575099999999995
0.37906700000000004
0.38152200000000003
0.38162300000000005
0.386146
0.387934
0.39894300000000005
0.40503199999999995
0.409126
0.425627
0.42755200000000004
0.42780300000000004
0.42813
0.429949
0.430052
0.43758699999999995
0.438492
0.43892699999999996
0.440508
0.44109
0.442256
0.445607
0.448994
0.450584
0.45568299999999995
0.457453
0.46574399999999994
0.47048599999999996
0.47861299999999996
0.479345
0.48092499999999994
0.481911
0.48435799999999996
0.4854919999999999
0.486598
0.48780999999999997
0.4993369999999999
0.5040439999999999
0.508195
0.515733
0.541508
0.5606249999999999
0.235046
0.29272299999999996
0.306512
0.349731
0.368332
0.37098
0.37380199999999997
0.38205599999999995
0.38355300000000003
0.38705999999999996
0.389161
0.390192
0.392829
0.39324899999999996
0.394174
0.39627599999999996
0.39798999999999995
0.399281
0.40442
0.40697099999999997
0.419303
0.42115199999999997
0.43147199999999997
0.436141
0.44086099999999995
0.44179999999999997
0.442906
0.44600399999999996
0.44765299999999997
0.45772899999999994
0.45822699999999994
0.46180299999999996
0.46280999999999994
0.46640099999999995
0.4672569999999999
0.46973999999999994
0.47017699999999996
0.47500299999999995
0.48200199999999993
0.48629
0.48711099999999996
0.4885109999999999
0.497544
0.502007
0.5032409999999999
0.519212
0.52433
0.542732
0.5551309999999999
0.565874
0.265667
0.27822
0.28153300000000003
0.295172
0.30234399999999995
0.31108
0.313631
0.33081799999999995
0.33707
0.339303
0.34732799999999997
0.347773
0.357874
0.364252
0.364645
0.372684
0.377748
0.37876200000000004
0.378807
0.37910999999999995
0.38381299999999996
0.38487499999999997
0.389394
0.39250799999999997
0.393953
0.3961
0.401277
0.40417499999999995
0.415698
0.42073000000000005
0.42327000000000004
0.426141
0.42854899999999996
0.42967900000000003
0.429994
0.435936
0.439659
0.4461379999999999
0.458612
0.459557
0.472468
0.482399
0.48812599999999995
0.4912409999999999
0.498811
0.5003259999999999
0.525334
0.5277609999999999
0.551792
0.59533
0.25555300000000003
0.295268
0.34753100000000003
0.365132
0.367213
0.367954
0.369958
0.379266
0.38226000000000004
0.38481200000000004
0.385321
0.387941
0.388991
0.391066
0.39346099999999995
0.39435200000000004
0.39584299999999994
0.39758400000000005
0.398057
0.398108
0.41510499999999995
0.41756800000000005
0.420786
0.42632099999999995
0.430559
0.434161
0.43676499999999996
0.441292
0.442978
0.449716
0.45032099999999997
0.45045499999999994
0.45300799999999997
0.45444299999999993
0.45594899999999994
0.457595
0.45938099999999993
0.4610139999999999
0.466576
0.47749299999999995
0.488916
0.493032
0.496777
0.498772
0.49954
0.508452
0.509884
0.5179079999999999
0.523848
0.5989019999999999
0.229251
0.260756
0.279988
0.32630000000000003
0.329094
0.33475900000000003
0.335677
0.34515700000000005
0.355183
0.359919
0.37025300000000005
0.37089700000000003
0.37550399999999995
0.37715600000000005
0.384582
0.386193
0.38628799999999996
0.386648
0.393398
0.39535600000000004
0.397946
0.40355700000000005
0.41050699999999996
0.41056800000000004
0.41476199999999996
0.42371499999999995
0.427295
0.43152100000000004
0.436199
0.44123899999999994
0.442743
0.44328899999999993
0.444986
0.454878
0.45994099999999993
0.46604999999999996
0.470553
0.47067099999999995
0.47148599999999996
0.475058
0.47622999999999993
0.48529100000000003
0.489163
0.49232599999999993
0.49460099999999996
0.5104069999999999
0.519313
0.552763
0.554661
0.621513
0.228301
0.23224599999999998
0.25617
0.25710500000000003
0.26006799999999997
0.261154
0.27566599999999997
0.281563
0.295782
0.30945100000000003
0.32373300000000005
0.326152
0.32911
0.330716
0.33216100000000004
0.33340800000000004
0.33777999999999997
0.35065599999999997
0.35310300000000006
0.35754300000000006
0.36058
0.36575
0.367595
0.368499
0.375761
0.37978
0.380811
0.38144500000000003
0.382544
0.38324100000000005
0.38883999999999996
0.395319
0.395497
0.399312
0.39973400000000003
0.40089699999999995
0.40122899999999995
0.408891
0.41664999999999996
0.42644400000000005
0.43496
0.43757900000000005
0.4453349999999999
0.460881
0.47240399999999994
0.474518
0.47564399999999996
0.479865
0.489274
0.5312239999999999
0.26524099999999995
0.27732
0.278929
0.32218100000000005
0.328855
0.339341
0.33936200000000005
0.34009199999999995
0.346442
0.361715
0.37046100000000004
0.38256999999999997
0.387246
0.38876
0.39511399999999997
0.39626799999999995
0.39904700000000004
0.39962600000000004
0.400026
0.408119
0.40869500000000003
0.40898900000000005
0.40921399999999997
0.41837100000000005
0.41964
0.434612
0.441041
0.447006
0.45524599999999993
0.456237
0.46686399999999995
0.47059699999999993
0.47223799999999994
0.474193
0.475456
0.478673
0.47921
0.484212
0.48453499999999994
0.4857659999999999
0.485924
0.48744599999999993
0.49590999999999996
0.502564
0.525709
0.5436
0.546057
0.547712
0.560184
0.5827669999999999
0.247515
0.280142
0.305751
0.31167100000000003
0.333712
0.34092599999999995
0.35709599999999997
0.36680599999999997
0.37164699999999995
0.37173500000000004
0.38050399999999995
0.390695
0.395779
0.39901
0.39984
0.40483499999999994
0.40686500000000003
0.40863000000000005
0.41337900000000005
0.417671
0.41865699999999995
0.420295
0.422945
0.42588400000000004
0.42779900000000004
0.427886
0.42941799999999997
0.42956700000000003
0.42993000000000003
0.4364
0.442059
0.44445
0.4468599999999999
0.4485549999999999
0.450118
0.45516199999999996
0.463484
0.469085
0.476804
0.47708699999999993
0.4857389999999999
0.498491
0.506066
0.513297
0.5171709999999999
0.533586
0.535853
0.549534
0.562191
0.60261
0.238231
0.295925
0.30938600000000005
0.319808
0.32558
0.33304
0.35080599999999995
0.35282199999999997
0.36129100000000003
0.36416899999999996
0.367151
0.36999400000000005
0.37458499999999995
0.37866500000000003
0.385637
0.38734
0.396366
0.40163800000000005
0.42203500000000005
0.42259899999999995
0.426403
0.426546
0.43101
0.43201999999999996
0.43596999999999997
0.43928599999999995
0.44198099999999996
0.44323499999999993
0.44550899999999993
0.4491379999999999
0.44932799999999995
0.453773
0.46119199999999994
0.46794
0.471707
0.47631099999999993
0.47734599999999994
0.4793609999999999
0.484499
0.486988
0.48927299999999996
0.49483299999999997
0.500649
0.5011289999999999
0.505595
0.5260699999999999
0.565219
0.5698139999999999
0.5788369999999999
0.6708029999999999
0.23647100000000001
0.254111
0.291061
0.29190499999999997
0.304156
0.308365
0.31520400000000004
0.33643999999999996
0.337854
0.347105
0.34980900000000004
0.35011000000000003
0.35412600000000005
0.355951
0.36713700000000005
0.37323300000000004
0.378163
0.39114000000000004
0.39249599999999996
0.39530200000000004
0.399718
0.403791
0.406045
0.407933
0.40883800000000003
0.420461
0.42179199999999994
0.428037
0.44317399999999996
0.44722799999999996
0.452182
0.458267
0.461554
0.465901
0.47565099999999993
0.476712
0.481448
0.483012
0.488656
0.489343
0.490576
0.49294899999999997
0.49475499999999994
0.507293
0.512316
0.526714
0.528953
0.5657869999999999
0.5708799999999999
0.611216
0.31764400000000004
0.33143199999999995
0.338094
0.35742399999999996
0.359236
0.36685599999999996
0.367116
0.36850499999999997
0.36968599999999996
0.371853
0.375335
0.391211
0.393435
0.39469
0.39710599999999996
0.39779600000000004
0.40673800000000004
0.40714399999999995
0.40746099999999996
0.408686
0.414737
0.419721
0.42057599999999995
0.42239800000000005
0.423017
0.424847
0.42765
0.42780300000000004
0.42936799999999997
0.434577
0.437646
0.43896900000000005
0.450715
0.451357
0.45830099999999996
0.45841599999999993
0.463456
0.46497999999999995
0.4655659999999999
0.47262099999999996
0.4735579999999999
0.476348
0.492827
0.49586399999999997
0.510261
0.529276
0.547291
0.5533089999999999
0.556634
0.6055499999999999
0.216678
0.236866
0.273888
0.278783
0.29256000000000004
0.300246
0.303192
0.30932400000000004
0.31069
0.311422
0.31695799999999996
0.32124699999999995
0.328445
0.33071799999999996
0.33137799999999995
0.334955
0.33584400000000003
0.34333499999999995
0.346286
0.346631
0.37081
0.37909400000000004
0.386016
0.38715
0.38855300000000004
0.389718
0.39119099999999996
0.39308
0.40173800000000004
0.403616
0.40395800000000004
0.406408
0.418299
0.41889600000000005
0.43522099999999997
0.43740900000000005
0.43782200000000004
0.439496
0.439531
0.44573699999999994
0.448099
0.457998
0.45863599999999993
0.46177199999999996
0.4657049999999999
0.4719789999999999
0.498656
0.53015
0.54648
0.574897
0.205
0.22145
0.256066
0.281203
0.302841
0.304296
0.30496
0.311709
0.32181099999999996
0.33363299999999996
0.33572
0.33883700000000005
0.34460999999999997
0.34683699999999995
0.347027
0.353183
0.371807
0.37516400000000005
0.37624500000000005
0.400818
0.406594
0.41424300000000003
0.414764
0.427249
0.43246399999999996
0.433207
0.43438200000000005
0.43459800000000004
0.43625899999999995
0.44197999999999993
0.44399199999999994
0.45071799999999995
0.45481399999999994
0.456839
0.45890699999999995
0.46283699999999994
0.468804
0.47336599999999995
0.4741719999999999
0.47827299999999995
0.495177
0.4960319999999999
0.49833799999999995
0.5110319999999999
0.511787
0.5429269999999999
0.543782
0.575665
0.601876
0.7497429999999999
