0.736418
1.0208579999999998
0.829344
1.099813
1.271318
0.582408
1.096156
0.508727
0.9833569999999999
0.73397
1.1993319999999998
0.49819800000000003
0.772919
1.47634
1.153281
0.907895
1.235364
0.879123
0.835908
0.963474
0.415866
0.562739
1.058614
1.247325
0.4780690000000001
0.558679
0.6083770000000001
0.956276
1.377082
0.7556970000000001
0.899085
0.501279
1.0578599999999998
0.9510890000000001
0.835219
1.1436979999999999
0.907052
1.111303
1.2978539999999998
0.9243480000000001
1.1547479999999999
0.505976
0.976544
0.628414
0.725152
0.563385
0.7032510000000001
0.9259890000000001
1.732216
0.9238080000000001
1.1437819999999999
0.826204
1.4401599999999999
0.620526
0.48022600000000004
0.718358
0.68899
0.7125630000000001
0.76053
1.1107239999999998
0.886968
1.0191949999999999
0.922628
0.992449
1.064738
0.5845360000000001
0.929596
0.842292
0.755721
0.772451
1.046619
0.8075490000000001
0.53852
0.588693
0.987812
0.768644
1.3045479999999998
0.882248
0.6044390000000001
0.8294400000000001
0.53423
1.01206
1.035864
0.71743
1.148345
1.029108
1.036133
0.864765
0.6686610000000001
0.9676220000000001
0.680384
0.706819
0.844408
1.1295689999999998
0.6636340000000001
1.1111479999999998
0.9580670000000001
0.9661540000000001
0.9385950000000001
0.9594699999999999
0.702615
1.1818639999999998
0.971099
0.993038
0.867584
0.9667230000000001
0.798547
0.741562
0.5460240000000001
0.681451
1.076592
0.919288
0.782396
0.529628
1.0204499999999999
0.76693
1.183789
1.254241
0.37470600000000004
0.713288
0.742271
0.58447
0.8326520000000001
0.934652
0.833225
0.7981670000000001
1.152135
1.4221389999999998
0.912343
0.993767
0.917092
0.658064
1.3161029999999998
0.614746
1.050471
0.608189
0.929932
0.897308
0.779078
0.280996
1.0375999999999999
1.04545
1.1710619999999998
0.9605020000000001
1.0530599999999999
0.6127
0.561901
1.1700229999999998
0.505059
0.502919
1.0631169999999999
1.102849
0.766406
0.916682
1.1801769999999998
0.984126
0.582335
0.941669
0.9339770000000001
0.776068
0.670826
0.859125
0.539894
0.9648439999999999
0.734216
0.790809
1.128169
1.2347759999999999
0.756968
0.569308
0.94066
0.771193
0.6764450000000001
0.923183
0.5205190000000001
1.072479
0.698406
0.7341730000000001
1.2305979999999999
1.031075
0.514406
0.644006
0.805863
0.6979380000000001
0.656409
0.618154
0.766837
0.775958
0.507679
1.0505799999999998
0.9684780000000001
0.672785
0.6492950000000001
1.006468
0.7581990000000001
0.9098780000000001
0.882846
0.8896390000000001
0.776988
1.386029
0.653145
1.1520819999999998
1.092115
1.0641939999999999
1.0243179999999998
0.5903740000000001
1.1469589999999998
0.867011
0.859361
0.978938
0.559615
0.683189
0.626139
0.904718
0.590989
0.934914
1.078836
0.38992400000000005
0.955879
0.9742799999999999
0.594279
1.0905259999999999
0.963321
0.928382
1.044018
0.484244
0.666295
1.064563
0.713833
1.0931389999999999
0.788062
0.561083
0.848769
0.747515
0.729846
0.54489
0.840076
0.9573570000000001
0.673785
0.950572
0.708092
0.869688
0.669216
1.3484459999999998
0.597736
0.9666629999999999
0.606576
0.884468
1.19035
0.49780800000000003
0.676898
0.929104
0.897769
0.909089
0.822379
0.761582
1.3284719999999999
0.755595
0.972452
0.759038
0.9924959999999999
1.1866299999999999
0.655626
0.888341
0.67798
0.56802
0.627622
0.862065
0.901873
0.956282
0.913765
0.796293
0.964489
0.504993
1.0377839999999998
0.646509
0.881432
0.6449400000000001
0.9636540000000001
0.8277260000000001
0.722967
0.808628
1.09965
1.0305659999999999
0.88674
0.6675840000000001
1.254316
1.215261
1.078581
0.602662
0.943457
0.739631
0.873186
0.756882
0.771271
0.90252
0.95959
0.9522
0.848466
1.1063219999999998
0.741472
1.0005959999999998
0.8931560000000001
1.011922
0.674771
0.611704
0.604463
0.808708
0.836126
1.191271
0.471861
1.2443039999999999
0.790686
0.5678300000000001
1.028231
1.0301069999999999
1.2628519999999999
0.807911
0.522644
0.7918660000000001
0.741777
1.1644789999999998
0.95487
1.0407989999999998
0.882598
0.739993
0.928438
0.567229
0.7654340000000001
0.767327
0.742445
0.637224
0.701342
1.241109
0.924385
0.9223100000000001
1.0453469999999998
1.0339429999999998
1.0684829999999998
0.771575
0.837967
0.81347
0.910493
0.780034
0.5289
1.2986749999999998
1.153708
0.787439
1.03755
0.732684
0.747653
0.766146
0.9980490000000001
0.772382
1.0097209999999999
1.083762
0.9451620000000001
0.711645
0.918142
1.2674219999999998
0.511339
0.7537470000000001
1.289569
1.0086249999999999
1.036609
0.776381
0.930228
0.88976
0.556756
1.23274
0.836994
0.9896999999999999
1.013216
1.1527029999999998
0.721394
1.079899
0.812099
1.112075
1.135462
0.6029840000000001
1.0653469999999998
1.0261859999999998
0.955906
1.036392
0.5939220000000001
0.937095
0.712125
1.0554359999999998
0.5533060000000001
0.749802
0.693893
0.9859939999999999
0.487429
1.0937549999999998
1.082544
0.6061610000000001
1.15224
0.83709
0.716229
1.253205
1.149165
0.7593070000000001
1.2787629999999999
0.8663000000000001
0.7799200000000001
1.28354
0.827804
1.189109
0.5581160000000001
0.793068
0.9610230000000001
1.219693
0.632806
0.575078
1.2059099999999998
1.1275899999999999
0.9689409999999999
0.592066
0.794608
0.883645
0.899696
0.64179
0.9830139999999999
1.3122179999999999
0.858514
1.2370789999999998
0.877533
0.382819
0.505318
0.9762149999999999
0.497294
0.41333200000000003
1.049084
0.962031
1.083602
1.112507
0.928264
0.843762
0.5253220000000001
0.750515
0.542548
0.998541
0.90022
1.503512
1.0217049999999999
0.858938
0.627498
0.908033
0.545971
0.92787
0.619082
1.4041059999999999
0.857621
0.523193
1.1602649999999999
0.904253
0.979378
1.121187
0.838589
0.502927
1.28324
0.878339
0.529863
0.887576
0.9732759999999999
0.8297
1.081206
0.709412
1.034813
0.8371080000000001
0.74087
0.753273
0.9041710000000001
1.047137
1.026489
0.634414
0.857988
0.721499
1.077723
0.973332
0.925575
0.849025
1.0072269999999999
0.935252
0.53928
0.760694
1.080115
0.696072
0.729399
1.037385
0.49057800000000007
0.6892280000000001
1.071092
0.7308330000000001
1.016355
0.882183
0.487657
0.661423
0.510451
0.788473
0.33468800000000004
0.33571900000000005
0.366165
0.36935100000000004
0.38567500000000005
0.38682
0.390637
0.39537900000000004
0.399308
0.417049
0.41724500000000003
0.41930700000000004
0.42028200000000004
0.421736
0.42289200000000005
0.428947
0.43060600000000004
0.43184100000000003
0.440136
0.440292
0.440444
0.44086600000000004
0.44530800000000004
0.44755300000000003
0.4485
0.454853
0.46611400000000003
0.467676
0.47848
0.479376
0.48709
0.49194000000000004
0.500442
0.507673
0.5112220000000001
0.514005
0.514691
0.52576
0.530011
0.530834
0.530937
0.5360240000000001
0.538342
0.5442940000000001
0.548023
0.590314
0.603299
0.61007
0.660994
0.683226
0.31461900000000004
0.31479500000000005
0.324857
0.33249700000000004
0.361781
0.37349000000000004
0.376624
0.380962
0.380962
0.388008
0.390205
0.390477
0.392398
0.396799
0.3996
0.406304
0.406563
0.41036
0.41325300000000004
0.421194
0.422588
0.42364
0.42488600000000004
0.426312
0.43048600000000004
0.43826400000000004
0.44243000000000005
0.443133
0.46978300000000006
0.47758900000000004
0.480654
0.48637600000000003
0.494482
0.494564
0.495841
0.527566
0.539697
0.5856210000000001
0.6027870000000001
0.608496
0.622429
0.6226200000000001
0.6232880000000001
0.640576
0.641441
0.655139
0.6625920000000001
0.749819
0.756839
0.769462
0.316056
0.331203
0.348884
0.351543
0.352932
0.36360200000000004
0.36701500000000004
0.368118
0.36909800000000004
0.37232000000000004
0.382882
0.38397000000000003
0.39232100000000003
0.40245800000000004
0.40294
0.406434
0.40648100000000004
0.406708
0.409424
0.409428
0.411545
0.41399800000000003
0.420381
0.424524
0.426615
0.428051
0.43099600000000005
0.43315800000000004
0.43387400000000004
0.435691
0.441245
0.44235
0.449222
0.45572200000000007
0.4659110000000001
0.47264000000000006
0.4731540000000001
0.484897
0.490645
0.49346
0.49682000000000004
0.503422
0.517625
0.5260790000000001
0.543838
0.586353
0.587808
0.589902
0.644655
0.646381
0.31659200000000004
0.34641900000000003
0.356607
0.35886300000000004
0.365244
0.370599
0.372946
0.37750100000000003
0.37895500000000004
0.379801
0.38193900000000003
0.39554100000000003
0.410138
0.41202300000000003
0.412937
0.41547900000000004
0.420476
0.42101900000000003
0.42356000000000005
0.423908
0.42412900000000003
0.42716800000000005
0.428283
0.430949
0.432475
0.439408
0.44014000000000003
0.440203
0.44371700000000003
0.45207400000000003
0.457788
0.465056
0.473106
0.473699
0.48000300000000007
0.486521
0.49813700000000005
0.502561
0.509862
0.521559
0.5385690000000001
0.552492
0.571562
0.590147
0.604114
0.608777
0.61026
0.6380210000000001
0.6750120000000001
0.744619
0.31467700000000004
0.35011400000000004
0.352738
0.355238
0.35530300000000004
0.356595
0.36160400000000004
0.362758
0.366165
0.36759400000000003
0.367887
0.379761
0.381815
0.38937000000000005
0.391809
0.40351400000000004
0.40351400000000004
0.404353
0.40773800000000004
0.413603
0.41401400000000005
0.414244
0.414738
0.41787
0.42135700000000004
0.42407900000000004
0.425375
0.42600000000000005
0.430949
0.440719
0.440821
0.446631
0.448066
0.45078
0.45829
0.461993
0.46829200000000004
0.468557
0.47052000000000005
0.475471
0.478166
0.48350899999999997
0.49245400000000006
0.515372
0.525672
0.5607800000000001
0.573276
0.5788300000000001
0.629186
0.665146
0.32399100000000003
0.324762
0.35602900000000004
0.35871200000000003
0.366136
0.379496
0.38153000000000004
0.38312300000000005
0.389552
0.40187100000000003
0.40502900000000003
0.40872600000000003
0.413391
0.41389600000000004
0.419194
0.42587600000000003
0.42923500000000003
0.430005
0.43037200000000003
0.434427
0.435964
0.436284
0.437827
0.44035
0.44325600000000004
0.44533100000000003
0.448805
0.44941400000000004
0.451623
0.45567900000000006
0.461229
0.46311599999999997
0.47004100000000004
0.47381300000000004
0.476467
0.496364
0.511433
0.5143490000000001
0.521633
0.5400780000000001
0.5500320000000001
0.56599
0.568329
0.6006130000000001
0.607268
0.6125740000000001
0.632541
0.637597
0.659054
0.6693
0.32120600000000005
0.338295
0.340096
0.36707900000000004
0.36729
0.37373300000000004
0.3753
0.37888700000000003
0.38324400000000003
0.38835600000000003
0.39
0.390205
0.39345600000000003
0.393865
0.39562200000000003
0.398814
0.400681
0.404893
0.411509
0.411827
0.41302300000000003
0.41411400000000004
0.416819
0.418943
0.42182200000000003
0.425049
0.426055
0.426416
0.42891700000000005
0.431551
0.432091
0.432547
0.435166
0.439408
0.43994
0.44988700000000004
0.450662
0.463797
0.47494900000000007
0.479753
0.48888700000000007
0.49170500000000006
0.504703
0.51302
0.52088
0.523692
0.529543
0.5551
0.572406
0.5965860000000001
0.304255
0.30962300000000004
0.338486
0.37392000000000003
0.37418900000000005
0.37918
0.379496
0.380512
0.381815
0.3834
0.38397000000000003
0.38562100000000005
0.38591600000000004
0.38592400000000004
0.396337
0.398135
0.40393700000000005
0.404372
0.407693
0.411214
0.418518
0.422572
0.42573900000000003
0.431226
0.431947
0.43292400000000003
0.434858
0.444099
0.448448
0.45188500000000004
0.456442
0.45981400000000006
0.472978
0.473151
0.489541
0.496595
0.503667
0.508044
0.514552
0.518373
0.5540930000000001
0.5588380000000001
0.560306
0.567578
0.6263190000000001
0.628914
0.634542
0.678071
0.698995
0.711967
0.278229
0.289067
0.31569600000000003
0.324857
0.33737900000000004
0.340789
0.34572600000000003
0.35458300000000004
0.35491300000000003
0.35583200000000004
0.37617700000000004
0.376267
0.37728500000000004
0.37939500000000004
0.38385
0.38655500000000004
0.39034
0.394565
0.39465
0.39748900000000004
0.39763400000000004
0.398561
0.401353
0.40405100000000005
0.406304
0.406781
0.41553900000000005
0.417573
0.42249200000000003
0.42487
0.428199
0.428785
0.429508
0.42997100000000005
0.430431
0.431107
0.43758
0.43881000000000003
0.44114000000000003
0.447929
0.47800300000000007
0.49417600000000006
0.49516000000000004
0.496969
0.4973850000000001
0.502192
0.519673
0.525351
0.624023
0.848197
0.25195700000000004
0.292107
0.330218
0.352771
0.361869
0.36794200000000005
0.36885
0.36935100000000004
0.37703600000000004
0.37711100000000003
0.38057100000000005
0.381815
0.382741
0.383703
0.385459
0.386152
0.38828500000000005
0.391809
0.396685
0.401446
0.40340400000000004
0.404849
0.413391
0.416629
0.417292
0.420559
0.42379900000000004
0.425186
0.43217300000000003
0.435672
0.43800900000000004
0.43800900000000004
0.44161900000000004
0.444821
0.44675800000000004
0.44775600000000004
0.448398
0.456885
0.4654670000000001
0.468693
0.4847830000000001
0.494935
0.51725
0.519463
0.555775
0.570302
0.593582
0.632672
0.653991
0.6906370000000001
0.24393200000000004
0.289067
0.307838
0.316265
0.322801
0.338295
0.33971500000000004
0.344758
0.34641900000000003
0.351096
0.352241
0.36160400000000004
0.36759400000000003
0.368499
0.37460400000000005
0.376859
0.37703600000000004
0.380653
0.381161
0.38127
0.384487
0.38484100000000004
0.392324
0.396861
0.398569
0.401418
0.40185800000000005
0.412136
0.41381900000000005
0.416461
0.422675
0.427619
0.43118900000000004
0.431317
0.43463
0.43517
0.435913
0.43967700000000004
0.460311
0.46046300000000007
0.46501900000000007
0.47157400000000005
0.47249700000000006
0.475626
0.5052880000000001
0.509016
0.509965
0.663593
0.721583
0.745518
0.283202
0.316056
0.330645
0.332407
0.34065100000000004
0.342422
0.350849
0.351543
0.36124900000000004
0.365167
0.36879100000000004
0.371543
0.37268900000000005
0.37356500000000004
0.376966
0.377512
0.38107100000000005
0.385749
0.38605900000000004
0.386245
0.387041
0.387052
0.38810100000000003
0.390907
0.39128
0.39537900000000004
0.396494
0.40332100000000004
0.40593700000000005
0.407945
0.41344200000000003
0.41790900000000003
0.418169
0.420186
0.420764
0.42118
0.4273
0.443133
0.443962
0.44973300000000005
0.451431
0.454276
0.465569
0.51736
0.581457
0.583192
0.607639
0.653432
0.709555
0.711689
0.26136600000000004
0.30962300000000004
0.316056
0.344113
0.351432
0.363867
0.36487800000000004
0.36535100000000004
0.383703
0.384041
0.387984
0.393152
0.394144
0.395305
0.3976
0.398486
0.400752
0.401401
0.404862
0.40553900000000004
0.405611
0.40574400000000005
0.408721
0.409136
0.41001400000000005
0.41139800000000004
0.41553900000000005
0.41741700000000004
0.41997300000000004
0.422456
0.422927
0.42481800000000003
0.4273
0.42754600000000004
0.43412300000000004
0.43518100000000004
0.44128100000000003
0.443688
0.447296
0.448398
0.45326700000000003
0.458979
0.45915000000000006
0.463746
0.476793
0.48161200000000004
0.48731100000000005
0.509211
0.566639
0.686976
0.271342
0.324857
0.333145
0.33571900000000005
0.33937900000000004
0.34107000000000004
0.342955
0.349988
0.35183800000000004
0.36019300000000004
0.36041700000000004
0.36159600000000003
0.36455600000000005
0.36841
0.36909800000000004
0.370232
0.37214
0.375354
0.376688
0.38354900000000003
0.38421900000000003
0.38751
0.390645
0.39494300000000004
0.397127
0.40288100000000004
0.41373600000000005
0.416209
0.418246
0.41980300000000004
0.42485900000000004
0.429835
0.432421
0.437497
0.441935
0.454544
0.456476
0.46423500000000006
0.46879000000000004
0.476712
0.47935700000000003
0.47987900000000006
0.4806
0.48225700000000005
0.48629
0.50658
0.516084
0.523895
0.5758340000000001
0.701653
0.24931400000000004
0.26563800000000004
0.326125
0.32690600000000003
0.338413
0.36009800000000003
0.366198
0.37091100000000005
0.371377
0.383761
0.38484100000000004
0.385459
0.38851800000000003
0.389697
0.390205
0.390645
0.391131
0.397735
0.39867
0.399723
0.40118000000000004
0.40378200000000003
0.40389400000000003
0.405304
0.40928200000000003
0.41082
0.41137300000000004
0.411935
0.417935
0.419391
0.41944000000000004
0.419513
0.420559
0.427663
0.43287400000000004
0.433732
0.43385100000000004
0.437682
0.446707
0.454276
0.478688
0.48315700000000006
0.48840300000000003
0.491981
0.492799
0.494034
0.51163
0.530474
0.539988
0.687404
0.305458
0.33813000000000004
0.345017
0.35108700000000004
0.35243800000000003
0.35975700000000005
0.360337
0.36090300000000003
0.36124900000000004
0.362316
0.362811
0.36502100000000004
0.368655
0.37066400000000005
0.374809
0.38091800000000003
0.383703
0.39197600000000005
0.40137700000000004
0.40522400000000003
0.4073
0.408167
0.410277
0.411018
0.41513700000000003
0.416157
0.422815
0.434485
0.436037
0.436993
0.43701
0.43976200000000004
0.44057300000000005
0.44086600000000004
0.441217
0.445355
0.449068
0.451347
0.464747
0.468317
0.46862000000000004
0.487785
0.489661
0.502881
0.505927
0.5211370000000001
0.535591
0.552505
0.574819
0.5890730000000001
0.338177
0.34814700000000004
0.353264
0.357153
0.36009800000000003
0.36124900000000004
0.36159600000000003
0.362316
0.363939
0.36690100000000003
0.37058100000000005
0.375997
0.38272
0.386263
0.389405
0.39746600000000004
0.39798900000000004
0.399855
0.40032100000000004
0.40583
0.406415
0.409912
0.41173400000000004
0.411999
0.41663500000000003
0.41723400000000005
0.41805600000000004
0.420721
0.42969500000000005
0.432753
0.444155
0.449813
0.449877
0.45148000000000005
0.45285400000000003
0.46092500000000003
0.46726900000000005
0.469201
0.47411800000000004
0.47954600000000003
0.48482500000000006
0.487213
0.5070100000000001
0.512328
0.5147550000000001
0.525985
0.5395340000000001
0.638822
0.64536
0.67947
0.32149300000000003
0.325218
0.333029
0.333145
0.33384400000000003
0.341416
0.344187
0.346258
0.347636
0.35086100000000003
0.355408
0.366136
0.37028
0.37888700000000003
0.37933100000000003
0.38469200000000003
0.396575
0.402065
0.404104
0.40497700000000003
0.40603900000000004
0.41881300000000005
0.419159
0.425472
0.42979900000000004
0.430779
0.433717
0.43387400000000004
0.435672
0.43667
0.44792200000000004
0.45262800000000003
0.463017
0.47098300000000004
0.47450800000000004
0.479668
0.48341900000000004
0.484623
0.486487
0.487534
0.498532
0.503414
0.507707
0.509798
0.510022
0.518521
0.565902
0.581002
0.620805
0.6884520000000001
0.32578
0.347893
0.352181
0.357613
0.36138400000000004
0.362943
0.363867
0.36771000000000004
0.36934500000000003
0.36965600000000004
0.379292
0.37940300000000005
0.38164600000000004
0.385473
0.387877
0.38907
0.39110300000000003
0.39239300000000005
0.39456800000000003
0.39686200000000005
0.397511
0.40033100000000005
0.40379600000000004
0.412524
0.416586
0.41855200000000004
0.41877600000000004
0.41967200000000005
0.420354
0.42311200000000004
0.425153
0.42926800000000004
0.433332
0.437751
0.44161900000000004
0.44507800000000003
0.46063600000000005
0.46476300000000004
0.48508400000000007
0.486857
0.48853800000000003
0.490599
0.5005310000000001
0.513127
0.523435
0.526039
0.531334
0.59901
0.614745
0.616878
0.304255
0.32883900000000005
0.330218
0.351432
0.354016
0.367723
0.37113500000000005
0.374124
0.374446
0.37497800000000003
0.3753
0.37966300000000003
0.379855
0.38237000000000004
0.386066
0.388241
0.389336
0.392766
0.40169900000000003
0.40173200000000003
0.40333600000000003
0.40662600000000004
0.406922
0.40826700000000005
0.41082
0.415179
0.419792
0.42376400000000003
0.42526
0.42717
0.42800900000000003
0.429931
0.430638
0.431298
0.434166
0.436284
0.44456300000000004
0.446533
0.453425
0.45915300000000003
0.46756700000000007
0.47680900000000004
0.5277850000000001
0.528927
0.555974
0.5867370000000001
0.597247
0.60541
0.622633
0.625725
0.30660800000000005
0.309081
0.316265
0.317473
0.34446000000000004
0.347964
0.348399
0.356908
0.358474
0.369684
0.37396700000000005
0.375317
0.396355
0.39663400000000004
0.397127
0.397563
0.398133
0.40477100000000005
0.405395
0.406415
0.407623
0.408343
0.409715
0.410179
0.41402
0.414051
0.414737
0.41562000000000004
0.417424
0.419115
0.419679
0.425271
0.427449
0.430781
0.43102300000000004
0.435691
0.43602
0.446039
0.44905700000000004
0.468908
0.472059
0.47691800000000006
0.4888910000000001
0.49355899999999997
0.49649200000000004
0.521408
0.54149
0.543618
0.609114
0.746726
0.274942
0.295665
0.327121
0.333811
0.335372
0.3357
0.342056
0.36009800000000003
0.360493
0.36247
0.364339
0.364495
0.369684
0.370599
0.37243000000000004
0.378423
0.38955
0.39465
0.39606800000000003
0.39768400000000004
0.400278
0.40295400000000003
0.40393700000000005
0.411071
0.418584
0.422345
0.426196
0.42647500000000005
0.427887
0.43004600000000004
0.433058
0.43643800000000005
0.442382
0.443881
0.444155
0.445823
0.454177
0.457064
0.45807
0.45918100000000006
0.46472
0.465249
0.46925800000000006
0.47315000000000007
0.478939
0.510852
0.514995
0.547575
0.591852
0.597137
0.310377
0.317489
0.334963
0.342772
0.351742
0.35447700000000004
0.35689000000000004
0.360493
0.360924
0.365912
0.36707900000000004
0.368725
0.373614
0.377746
0.37939500000000004
0.38277700000000003
0.39562800000000004
0.397724
0.39907400000000004
0.40379600000000004
0.40389400000000003
0.404667
0.406194
0.410951
0.412215
0.415119
0.420373
0.421132
0.422454
0.44347400000000003
0.44388900000000003
0.447602
0.450591
0.456151
0.45893700000000004
0.46385600000000005
0.46767800000000004
0.47117300000000006
0.497633
0.5028630000000001
0.506933
0.5155350000000001
0.5195580000000001
0.550762
0.569428
0.576451
0.591151
0.595859
0.622931
0.762598
0.326973
0.33560900000000005
0.348962
0.35109500000000005
0.35122000000000003
0.35297100000000003
0.36160400000000004
0.36862500000000004
0.36868300000000004
0.377398
0.383776
0.387208
0.387708
0.38784
0.38789300000000004
0.388606
0.39465
0.39516500000000004
0.399168
0.402052
0.404003
0.40410700000000005
0.40575100000000003
0.40593700000000005
0.41287500000000005
0.41684000000000004
0.424203
0.42771800000000004
0.432807
0.43431400000000003
0.435232
0.44473100000000004
0.44494
0.44509200000000004
0.46218000000000004
0.464811
0.46916800000000003
0.47202
0.476326
0.478826
0.48008000000000006
0.48601300000000003
0.49184800000000006
0.492641
0.505753
0.5085120000000001
0.523153
0.524983
0.5939450000000001
0.626476
0.29391100000000003
0.31461900000000004
0.341888
0.34267400000000003
0.34640600000000005
0.34661800000000004
0.349047
0.35425700000000004
0.361018
0.361412
0.365167
0.36879100000000004
0.374309
0.37460400000000005
0.383274
0.38644100000000003
0.389336
0.39212
0.39907400000000004
0.399809
0.402778
0.40378600000000003
0.406202
0.406304
0.408413
0.410123
0.41277800000000003
0.41745000000000004
0.41801900000000003
0.42379900000000004
0.42464100000000005
0.426918
0.42871000000000004
0.43467700000000004
0.436445
0.44298000000000004
0.444475
0.45062100000000005
0.4535
0.46232800000000007
0.466835
0.47165100000000004
0.47716400000000003
0.48410200000000003
0.48719
0.5019560000000001
0.525935
0.538819
0.546228
0.6402180000000001
0.274084
0.30660800000000005
0.31569600000000003
0.348364
0.360213
0.36310800000000004
0.368574
0.37284100000000003
0.383295
0.38741400000000004
0.393357
0.40222
0.402224
0.40669500000000003
0.408351
0.408928
0.409048
0.409455
0.41666400000000003
0.41675
0.417651
0.428974
0.429512
0.43130300000000005
0.431806
0.43801100000000004
0.445517
0.447898
0.458873
0.4594710000000001
0.46180699999999997
0.46732700000000005
0.469865
0.469865
0.47953100000000004
0.481001
0.485796
0.490472
0.509642
0.511014
0.513775
0.5143570000000001
0.515131
0.521355
0.525566
0.528064
0.528223
0.598091
0.633376
0.637458
0.297758
0.309696
0.31600100000000003
0.335245
0.344386
0.344758
0.355238
0.36175300000000005
0.363754
0.37134300000000003
0.378711
0.381019
0.382158
0.386987
0.391106
0.39174600000000004
0.409588
0.410621
0.41881300000000005
0.42094800000000004
0.42276
0.42360200000000003
0.42892800000000003
0.43036800000000003
0.43218500000000004
0.43674
0.437218
0.437342
0.438386
0.44035
0.44156100000000004
0.444056
0.45238900000000004
0.45479400000000003
0.46430899999999997
0.468676
0.479175
0.480117
0.484175
0.487333
0.514065
0.532563
0.535747
0.535902
0.561988
0.579084
0.594717
0.626476
0.647302
0.660732
0.308595
0.316437
0.326125
0.326262
0.32806100000000005
0.350349
0.35819
0.361211
0.364339
0.367319
0.36879100000000004
0.369684
0.373472
0.37354000000000004
0.37470600000000004
0.385907
0.38667
0.39466700000000005
0.399168
0.408721
0.408924
0.410636
0.41364900000000004
0.416958
0.418586
0.42167000000000004
0.42997100000000005
0.43061000000000005
0.434166
0.435958
0.44086600000000004
0.44128100000000003
0.44845300000000005
0.450361
0.450361
0.450706
0.452867
0.45961300000000005
0.462314
0.465249
0.470993
0.47195700000000007
0.47412600000000005
0.477313
0.480317
0.481001
0.482954
0.48433500000000007
0.5028130000000001
0.5479390000000001
0.317489
0.32294500000000004
0.32599500000000003
0.33142000000000005
0.33468800000000004
0.33952000000000004
0.34923000000000004
0.35108700000000004
0.35589600000000005
0.363466
0.365244
0.36648400000000003
0.36812300000000003
0.36841
0.36904200000000004
0.371151
0.374999
0.375786
0.38237000000000004
0.385795
0.388008
0.38939
0.39686200000000005
0.40046000000000004
0.401195
0.40558700000000003
0.41170500000000004
0.42193800000000004
0.423484
0.42626200000000003
0.431026
0.43170400000000003
0.43310600000000005
0.433794
0.443861
0.448934
0.44900700000000004
0.449624
0.449934
0.4553670000000001
0.462237
0.46849300000000005
0.4747640000000001
0.479668
0.48216000000000003
0.48731800000000003
0.48749300000000007
0.5089520000000001
0.587659
0.607869
0.30277600000000005
0.304255
0.316265
0.317004
0.332407
0.335554
0.341888
0.34640600000000005
0.34650400000000003
0.34731300000000004
0.356258
0.35655400000000004
0.357273
0.35799800000000004
0.35871200000000003
0.35875300000000004
0.37354200000000004
0.37460400000000005
0.383141
0.389594
0.394513
0.39465500000000003
0.398252
0.40178
0.402266
0.40774000000000005
0.42464100000000005
0.425427
0.426499
0.43170400000000003
0.432541
0.43278500000000003
0.43796
0.44242400000000004
0.444572
0.452398
0.45241200000000004
0.45582100000000003
0.463738
0.475133
0.47886400000000007
0.48499400000000004
0.487062
0.489919
0.499115
0.5135500000000001
0.5227
0.561207
0.630528
0.679164
0.30660800000000005
0.325156
0.33774200000000004
0.33831500000000003
0.33912400000000004
0.340911
0.35781
0.365599
0.36881600000000003
0.36936800000000003
0.37435
0.37460400000000005
0.377641
0.37972700000000004
0.379993
0.381429
0.382612
0.383703
0.38635400000000003
0.38681600000000005
0.386987
0.387052
0.39403200000000005
0.39711300000000005
0.40003700000000003
0.401084
0.40325
0.40345800000000004
0.40570300000000004
0.406974
0.41761200000000004
0.424458
0.42642
0.43898600000000004
0.440294
0.440502
0.441867
0.447992
0.44952000000000003
0.45560600000000007
0.471267
0.472923
0.475155
0.47877800000000004
0.49663
0.49717200000000006
0.507683
0.574453
0.6044350000000001
0.616603
0.271342
0.30073900000000003
0.32303600000000005
0.32399100000000003
0.334963
0.351264
0.360337
0.36138400000000004
0.362144
0.362758
0.365012
0.36862500000000004
0.36911700000000003
0.371008
0.372192
0.37709400000000004
0.379135
0.37922900000000004
0.38092600000000004
0.383274
0.384487
0.38527500000000003
0.38710900000000004
0.38847600000000004
0.395701
0.40579200000000004
0.40644800000000003
0.41240000000000004
0.416443
0.41861800000000005
0.41991900000000004
0.420277
0.423065
0.425657
0.425673
0.43117700000000003
0.437628
0.44034100000000004
0.447898
0.44885400000000003
0.452048
0.453172
0.45421
0.45829
0.47195700000000007
0.474511
0.48216000000000003
0.488638
0.551655
0.5552940000000001
0.296499
0.320369
0.33834200000000003
0.34257000000000004
0.344382
0.346573
0.354055
0.355177
0.357578
0.36141500000000004
0.36690100000000003
0.370373
0.37650900000000004
0.37953600000000004
0.38153000000000004
0.381859
0.381877
0.382023
0.38385
0.384041
0.387695
0.38851800000000003
0.39342900000000003
0.395863
0.398561
0.400372
0.40285000000000004
0.403967
0.405484
0.408721
0.410154
0.42387800000000003
0.42464100000000005
0.425472
0.427663
0.429929
0.431806
0.432667
0.441392
0.442854
0.453834
0.45786499999999997
0.46707600000000005
0.476633
0.47901499999999997
0.485911
0.495965
0.5333640000000001
0.567922
0.5698610000000001
0.34587
0.348399
0.352074
0.360896
0.363674
0.364339
0.365279
0.36862500000000004
0.37066400000000005
0.37298200000000004
0.37349000000000004
0.378935
0.38092600000000004
0.382023
0.38767700000000005
0.398876
0.39907400000000004
0.399809
0.404961
0.40806000000000003
0.410718
0.41209
0.416516
0.42163100000000003
0.42336700000000005
0.423784
0.42888000000000004
0.430499
0.436037
0.44128100000000003
0.441303
0.443881
0.45240600000000003
0.45751600000000003
0.459369
0.460425
0.4634670000000001
0.47044600000000003
0.481128
0.48727600000000004
0.49227600000000005
0.49767700000000004
0.502484
0.508008
0.516157
0.570881
0.590742
0.623294
0.710597
0.72583
0.296499
0.30938000000000004
0.312168
0.314049
0.331564
0.348962
0.35502900000000004
0.356134
0.356785
0.357804
0.361259
0.370232
0.37328300000000003
0.373794
0.37817900000000004
0.38312300000000005
0.390181
0.392075
0.39413000000000004
0.401314
0.40472400000000003
0.409071
0.41103900000000004
0.41173400000000004
0.413109
0.41409700000000005
0.417016
0.418568
0.42118
0.42495700000000003
0.43118500000000004
0.432375
0.439222
0.444091
0.45525000000000004
0.458013
0.45845199999999997
0.46009900000000004
0.467639
0.47604100000000005
0.478703
0.47979400000000005
0.48122200000000004
0.48225700000000005
0.491733
0.500341
0.503846
0.526127
0.5270210000000001
0.530777
0.294225
0.31569600000000003
0.341604
0.343339
0.356151
0.36834300000000003
0.36885
0.36946900000000005
0.371543
0.373607
0.374251
0.375261
0.383162
0.383703
0.387473
0.39060500000000004
0.392554
0.39562800000000004
0.39668600000000004
0.39967400000000003
0.40767600000000004
0.409715
0.411156
0.413391
0.4158
0.416499
0.41950200000000004
0.422061
0.42276400000000003
0.423456
0.42379900000000004
0.42574300000000004
0.43043000000000003
0.43060000000000004
0.430949
0.434664
0.443533
0.44818600000000003
0.452398
0.459665
0.464747
0.467523
0.47673600000000005
0.48734900000000003
0.5038320000000001
0.505926
0.5162450000000001
0.5562130000000001
0.626696
0.661751
0.26136600000000004
0.33501800000000004
0.33571900000000005
0.34267400000000003
0.35119300000000003
0.35279000000000005
0.356607
0.365167
0.368321
0.383162
0.38629800000000003
0.38827300000000003
0.389739
0.390753
0.393299
0.40229000000000004
0.408451
0.409071
0.41302300000000003
0.41388400000000003
0.42188200000000003
0.426354
0.427561
0.428283
0.42941
0.433497
0.436796
0.438728
0.438973
0.442863
0.442906
0.44484100000000004
0.45082700000000003
0.452569
0.46784400000000004
0.47067400000000004
0.4748
0.47805600000000004
0.486893
0.5111370000000001
0.513383
0.513784
0.515525
0.5170600000000001
0.5175580000000001
0.5280710000000001
0.5430780000000001
0.5753090000000001
0.669543
0.715062
0.316056
0.335245
0.33688
0.34726300000000004
0.35532800000000003
0.356543
0.3567
0.35996700000000004
0.362603
0.362811
0.363754
0.364132
0.366165
0.371487
0.37334500000000004
0.37939500000000004
0.37978500000000004
0.38070800000000005
0.381575
0.38476000000000005
0.390631
0.39537900000000004
0.39796200000000004
0.398162
0.40393700000000005
0.40730700000000003
0.410109
0.413391
0.41358300000000003
0.41861800000000005
0.419999
0.420541
0.43623300000000004
0.43779
0.442967
0.44322100000000003
0.4574170000000001
0.466097
0.47353100000000004
0.47573600000000005
0.479024
0.48024
0.480479
0.490252
0.49680900000000006
0.50256
0.513297
0.53672
0.544151
0.610946
0.323896
0.346725
0.350057
0.352738
0.357661
0.358292
0.36707900000000004
0.36834300000000003
0.36904600000000004
0.369502
0.376969
0.37723900000000005
0.379975
0.38469200000000003
0.38761
0.388484
0.39169600000000004
0.395212
0.405615
0.405916
0.41034400000000004
0.41302300000000003
0.41549
0.427941
0.428885
0.429186
0.429307
0.43085700000000005
0.432473
0.43285100000000004
0.435383
0.43547
0.436327
0.439103
0.440805
0.45303000000000004
0.454457
0.457998
0.468882
0.47307
0.47343599999999997
0.479395
0.48286400000000007
0.48921400000000004
0.49308700000000005
0.518867
0.562754
0.601155
0.619361
0.638973
0.31600100000000003
0.33813000000000004
0.342955
0.350057
0.357661
0.36177000000000004
0.376966
0.37962
0.381917
0.38334700000000005
0.385267
0.396575
0.397735
0.39773600000000003
0.399214
0.400239
0.40178
0.40422800000000003
0.406034
0.40886300000000003
0.41020900000000005
0.414615
0.41930700000000004
0.425059
0.43987800000000005
0.441375
0.44442000000000004
0.448
0.450867
0.45127500000000004
0.454087
0.454884
0.45572
0.46422399999999997
0.464917
0.46763600000000005
0.474716
0.476792
0.47772000000000003
0.485869
0.502143
0.506918
0.509906
0.513015
0.516112
0.58667
0.602356
0.6180260000000001
0.662652
0.681421
0.29675500000000005
0.29933200000000004
0.317489
0.327635
0.33838700000000005
0.34587
0.34820900000000005
0.35119300000000003
0.352932
0.355961
0.36794200000000005
0.372495
0.375823
0.378522
0.37953600000000004
0.381637
0.38272
0.388239
0.391984
0.397901
0.39841400000000005
0.40545600000000004
0.409953
0.416461
0.417005
0.420364
0.421053
0.425472
0.428842
0.430727
0.43446
0.43470800000000004
0.437273
0.438743
0.44138700000000003
0.443402
0.44342400000000004
0.444155
0.450183
0.450353
0.466588
0.47787
0.48185
0.49399100000000007
0.502838
0.507846
0.516489
0.55088
0.556992
0.557405
0.329878
0.335384
0.33690800000000004
0.35267400000000004
0.35805600000000004
0.35946
0.36502100000000004
0.37043400000000004
0.374251
0.375357
0.375748
0.377746
0.384521
0.38468800000000003
0.385247
0.38637900000000003
0.38758400000000004
0.38866700000000004
0.393992
0.39608000000000004
0.39721500000000004
0.40481100000000003
0.413003
0.415283
0.422242
0.42249200000000003
0.42410200000000003
0.43309600000000004
0.433732
0.43844700000000003
0.443267
0.450392
0.45086200000000004
0.451089
0.45366100000000004
0.4596680000000001
0.465978
0.46738599999999997
0.46856200000000003
0.474465
0.476712
0.476938
0.48713800000000007
0.49484000000000006
0.502098
0.514371
0.5169400000000001
0.552408
0.562272
0.6394380000000001
0.271562
0.33171900000000004
0.338413
0.35267400000000004
0.354055
0.35756200000000005
0.359785
0.370352
0.37298200000000004
0.373638
0.376859
0.379286
0.381161
0.385596
0.388508
0.389129
0.391984
0.39276900000000003
0.396698
0.397339
0.399255
0.406214
0.407945
0.408953
0.410194
0.410855
0.411017
0.411102
0.41123200000000004
0.41804800000000003
0.418848
0.42136700000000005
0.424721
0.425472
0.432765
0.441452
0.452691
0.453515
0.459514
0.45962100000000006
0.46416100000000005
0.467607
0.48098399999999997
0.488781
0.51121
0.5185690000000001
0.522831
0.548312
0.55861
0.658683
0.2244
0.316056
0.351264
0.362943
0.36376800000000004
0.368997
0.37243000000000004
0.37636400000000003
0.39094700000000004
0.39101800000000003
0.39169600000000004
0.391984
0.39559700000000003
0.39686200000000005
0.401401
0.403079
0.405911
0.40873600000000004
0.409302
0.41089200000000003
0.41531700000000005
0.416397
0.41858100000000004
0.42024500000000004
0.420509
0.42067200000000005
0.420732
0.423169
0.42859600000000003
0.43117700000000003
0.43126200000000003
0.437218
0.437354
0.44112700000000005
0.44206900000000005
0.445021
0.44831600000000005
0.44927700000000004
0.45188
0.45549300000000004
0.455958
0.45676400000000006
0.47042800000000007
0.485348
0.49455800000000005
0.515051
0.530498
0.535228
0.547002
0.6887570000000001
0.32514600000000005
0.34257000000000004
0.355121
0.356151
0.36316600000000004
0.365686
0.37420800000000004
0.378796
0.387114
0.389228
0.39122900000000005
0.39465
0.396698
0.39774400000000004
0.398486
0.40274400000000005
0.40590400000000004
0.406084
0.407776
0.411623
0.412524
0.413152
0.41685700000000003
0.417833
0.42821200000000004
0.42855200000000004
0.435166
0.43671200000000004
0.437913
0.43799000000000005
0.43997600000000003
0.44226200000000004
0.44241600000000003
0.44358000000000003
0.44471700000000003
0.445021
0.447929
0.448791
0.45820400000000006
0.47450800000000004
0.478958
0.48098399999999997
0.4892810000000001
0.505846
0.536577
0.54188
0.556349
0.616012
0.679781
0.717713
0.304667
0.312305
0.33851000000000003
0.339453
0.344758
0.34958900000000004
0.353416
0.35895900000000003
0.363466
0.363671
0.365244
0.37020800000000004
0.373614
0.38536000000000004
0.39603700000000003
0.399926
0.40712800000000005
0.41031
0.411654
0.413113
0.41328600000000004
0.41388400000000003
0.416499
0.416596
0.416837
0.417242
0.41950200000000004
0.421512
0.42387800000000003
0.42391100000000004
0.432545
0.44492400000000004
0.448334
0.448904
0.449241
0.453044
0.45745199999999997
0.458148
0.45883799999999997
0.45937000000000006
0.46231200000000006
0.464121
0.46430899999999997
0.466021
0.47780200000000006
0.478851
0.4900300000000001
0.515397
0.555284
0.6347590000000001
0.308556
0.31659200000000004
0.32690600000000003
0.33666100000000004
0.341888
0.342916
0.351543
0.354009
0.35634200000000005
0.35848800000000003
0.35895900000000003
0.35975700000000005
0.36041700000000004
0.36066400000000004
0.365302
0.370383
0.37214
0.375261
0.37771200000000005
0.37858
0.379801
0.38056700000000004
0.383158
0.384599
0.39188700000000004
0.39239300000000005
0.394398
0.396575
0.40142900000000004
0.402179
0.409082
0.414667
0.415872
0.41801900000000003
0.41833200000000004
0.42387800000000003
0.42481800000000003
0.430638
0.439273
0.444656
0.451595
0.469796
0.471677
0.48767800000000006
0.5040680000000001
0.516267
0.518806
0.561275
0.56794
0.580886
0.319249
0.332676
0.343666
0.35109500000000005
0.37134300000000003
0.37214
0.37384300000000004
0.37636400000000003
0.376728
0.377983
0.37933100000000003
0.381129
0.394224
0.39438900000000005
0.398135
0.40003700000000003
0.40031900000000004
0.40359
0.403878
0.40990200000000004
0.41020900000000005
0.410926
0.416209
0.425586
0.42624700000000004
0.426748
0.43274300000000004
0.436946
0.441788
0.44216700000000003
0.443124
0.444327
0.45214000000000004
0.45490400000000003
0.45628
0.45945400000000003
0.464676
0.469801
0.474606
0.47537000000000007
0.478109
0.49535300000000004
0.49900900000000004
0.504127
0.509134
0.524293
0.5378930000000001
0.589394
0.5992460000000001
0.604153
0.287725
0.305458
0.33912400000000004
0.340407
0.34641900000000003
0.35183800000000004
0.355613
0.356376
0.36141500000000004
0.36360200000000004
0.365279
0.36752100000000004
0.36801900000000004
0.36885
0.370232
0.37966300000000003
0.38036000000000003
0.38329100000000005
0.38667
0.387405
0.388639
0.38973800000000003
0.390205
0.392523
0.39768400000000004
0.398569
0.401638
0.40173200000000003
0.40368200000000004
0.40882300000000005
0.410434
0.414667
0.41553900000000005
0.416073
0.420159
0.422972
0.428657
0.430663
0.433471
0.44152600000000003
0.44711500000000004
0.453519
0.472978
0.48225700000000005
0.5284610000000001
0.533429
0.536576
0.547019
0.5580620000000001
0.593218
0.320369
0.324857
0.32578
0.340789
0.351432
0.352771
0.361758
0.36707900000000004
0.37711300000000003
0.37999900000000003
0.380888
0.381155
0.382222
0.38354900000000003
0.385014
0.38583700000000004
0.38682
0.387404
0.388008
0.390411
0.392199
0.39766500000000005
0.399811
0.40039600000000003
0.401638
0.41562000000000004
0.41787
0.41933800000000004
0.42087
0.422134
0.42305000000000004
0.429968
0.430366
0.43873100000000004
0.438743
0.465371
0.466147
0.47119600000000006
0.47241500000000003
0.47285900000000003
0.47566700000000006
0.47974700000000003
0.48482500000000006
0.49079800000000007
0.503486
0.505
0.508966
0.5360400000000001
0.5922310000000001
0.6951240000000001
