0.5995550000000001
0.757942
0.974117
0.811799
0.7380180000000001
0.939194
0.754028
0.761281
0.6427660000000001
0.932257
0.579453
0.9878429999999999
0.575379
0.697601
0.839087
0.808015
0.832062
1.0095239999999999
0.705175
1.132097
1.055014
0.757155
1.041952
0.9454220000000001
0.848659
0.9680130000000001
0.607623
0.72145
1.0261479999999998
1.030741
0.886804
0.5400240000000001
0.762092
0.5927600000000001
0.67245
0.621608
0.626159
1.243645
0.726176
1.254319
0.654466
0.525641
0.961701
0.926864
0.796958
0.707636
1.0439649999999998
0.737826
0.773626
0.9764370000000001
0.566984
1.123904
0.703041
0.622063
0.7138260000000001
1.150088
0.937107
0.700302
0.7297560000000001
1.001617
1.000568
1.074854
0.742719
0.966147
0.496935
0.830196
0.628351
1.003881
0.687187
1.1308969999999998
0.65801
0.885273
0.978285
0.546876
1.017459
0.755578
0.972263
1.158507
1.0811929999999998
1.149071
0.702742
0.736456
0.8865810000000001
0.728043
0.751279
0.901337
0.907216
0.9171670000000001
1.0162339999999999
1.024926
0.853629
0.973421
0.628186
0.9520370000000001
1.048749
0.792563
1.051272
1.079496
0.6955910000000001
0.712325
0.9835030000000001
1.1190369999999998
1.224756
0.7127220000000001
0.732031
1.097943
1.0839349999999999
0.9715170000000001
0.72482
0.872097
0.881269
0.610001
0.907309
0.47827
0.899082
1.0123929999999999
0.9843670000000001
0.9153410000000001
0.958074
0.620089
0.878711
1.083397
0.9794200000000001
0.9876170000000001
0.9327
0.686142
0.9626180000000001
0.563951
0.948498
1.062447
0.760771
1.096465
0.7232310000000001
0.9547010000000001
0.530849
0.772472
0.9513760000000001
0.698078
0.8705740000000001
0.5746490000000001
0.489455
0.922824
1.0443689999999999
1.2597049999999999
1.0732659999999998
0.59827
0.590802
0.597372
0.712987
0.7524190000000001
0.5534410000000001
0.868058
0.619081
0.719576
0.626984
0.809374
1.1076
1.005061
1.031734
0.72962
0.7580410000000001
0.703079
0.709628
0.761336
1.0218999999999998
0.843439
0.823798
1.070071
1.129284
0.90419
0.989907
0.9548690000000001
0.837705
1.0176239999999999
0.834346
1.015623
0.543214
0.680673
1.234473
1.072263
1.0888499999999999
0.595595
0.767609
0.517864
1.114366
0.834186
0.678226
0.920676
1.007034
1.007711
1.0338319999999999
0.840315
1.0307389999999998
0.545452
0.597507
1.217482
0.691199
1.020177
0.9176190000000001
0.5806790000000001
0.709078
0.5496380000000001
0.905162
1.042196
1.0845449999999999
0.882819
0.8902100000000001
0.6301490000000001
0.680872
1.1058489999999999
0.587596
1.1116579999999998
0.779359
1.3457979999999998
0.48232700000000006
0.685605
0.939238
0.988249
1.169408
1.4149919999999998
0.909772
1.047853
1.1833609999999999
0.710712
1.048606
0.814644
0.932957
0.375624
0.9496730000000001
0.787533
0.999478
1.0749929999999999
0.5307850000000001
1.1580199999999998
0.954333
0.991073
0.696114
1.0422449999999999
1.0997249999999998
0.699497
1.06772
0.9997570000000001
0.758459
1.0423689999999999
1.1856769999999999
0.7531680000000001
0.928281
1.107599
0.600712
1.232642
0.808463
0.862185
1.0058809999999998
0.937551
1.020851
0.678809
1.0733059999999999
1.070598
0.7993950000000001
0.943016
1.2272159999999999
0.8695510000000001
1.038732
1.041065
1.056929
1.1279789999999998
1.3515769999999998
0.868182
1.122903
1.052933
0.852269
0.926002
0.6434110000000001
1.0267879999999998
0.58851
0.733876
0.9274830000000001
0.718748
0.9834760000000001
1.0243389999999999
0.769007
1.360352
0.898188
1.020494
1.011869
1.367757
1.309589
0.817083
0.772506
0.699902
1.00423
0.9980049999999999
0.526633
0.602766
1.0578379999999998
0.69086
0.582001
0.841658
1.0353359999999998
0.803602
0.9439799999999999
1.014082
0.624127
0.7910510000000001
1.0886859999999998
0.582524
1.09741
0.805137
0.774644
0.832021
1.145357
0.70296
0.768015
1.150804
0.6001690000000001
1.109527
0.784682
0.695693
0.762541
0.693848
0.9719099999999999
1.128526
0.824339
0.475031
1.31303
0.808472
0.784452
0.892483
0.9815809999999999
0.679264
0.685864
0.519831
0.7101810000000001
0.9902380000000001
0.49308700000000005
1.050948
0.65622
0.8909980000000001
0.862697
1.1290779999999998
0.689176
0.83477
0.790613
0.5718460000000001
0.981755
1.2403689999999998
0.820602
0.6801400000000001
1.0353169999999998
1.291737
1.024184
0.668021
0.718664
0.939964
1.260066
1.069817
0.72707
1.5856059999999998
0.9136190000000001
1.207565
1.0286359999999999
0.832026
0.846117
1.10502
0.572733
0.653441
0.9926560000000001
0.939942
1.094117
0.861361
0.917967
0.884686
0.623078
0.870936
1.0531439999999999
1.067489
0.619243
1.0235059999999998
0.934032
0.8969940000000001
0.606189
0.938185
0.890808
0.776626
0.7232390000000001
1.239542
1.0157729999999998
0.925879
0.964362
1.1462809999999999
0.645263
0.562543
0.8441850000000001
0.9790690000000001
0.782537
0.648486
0.641872
0.525804
0.836079
0.790088
0.511719
1.0746589999999998
0.737286
0.967586
0.6806110000000001
1.011879
0.858225
0.651736
0.62887
1.011971
0.47462100000000007
1.10487
0.669798
0.613958
0.9054530000000001
0.8931100000000001
0.9905039999999999
1.403484
0.9152210000000001
0.987373
0.806664
1.061693
0.709491
0.572186
0.706173
0.648261
0.767134
0.923601
0.807542
0.599264
0.863903
0.725337
0.807914
1.212529
0.849549
0.633646
0.886811
0.7484190000000001
0.9555049999999999
0.717261
1.007309
0.845167
0.7821940000000001
0.939094
0.5773860000000001
0.7193160000000001
1.1067799999999999
0.8266490000000001
1.1591349999999998
0.918546
0.734796
0.6771860000000001
0.5318240000000001
0.753452
1.1016279999999998
0.748911
0.684216
0.49882000000000004
0.7210030000000001
1.145398
1.2402549999999999
0.7016060000000001
0.672609
0.8657250000000001
1.131154
0.541068
0.929925
0.9509839999999999
0.7456
0.693694
0.9560719999999999
0.957482
0.999853
0.520414
0.682902
1.024668
0.598549
0.639868
1.0361939999999998
0.724743
1.057356
1.055852
1.002335
1.277863
0.9129590000000001
0.804223
1.084312
1.087354
0.717631
0.609437
0.827476
0.787576
1.009617
0.954894
1.02705
0.850232
1.0618509999999999
0.9699890000000001
0.7001660000000001
0.6502760000000001
0.38521500000000003
0.421555
0.43629700000000005
0.436641
0.440883
0.4533090000000001
0.457441
0.465024
0.470588
0.47099500000000005
0.48687800000000003
0.489036
0.494807
0.49596400000000007
0.499926
0.5027670000000001
0.507997
0.50865
0.515545
0.5161020000000001
0.524543
0.526949
0.5388660000000001
0.5433
0.553424
0.554125
0.563102
0.569355
0.569524
0.576395
0.576538
0.585045
0.5855250000000001
0.599301
0.6003580000000001
0.605533
0.6210760000000001
0.6221220000000001
0.632785
0.6338210000000001
0.645427
0.647814
0.652304
0.672694
0.6803210000000001
0.7344
0.7356940000000001
0.736777
0.820853
0.850376
0.32927900000000004
0.376191
0.39184800000000003
0.40300800000000003
0.407747
0.41282100000000005
0.421095
0.423138
0.43856
0.452962
0.455128
0.465282
0.465469
0.46743500000000004
0.46836500000000003
0.470164
0.47254700000000005
0.475781
0.47616500000000006
0.48296300000000003
0.492448
0.49612600000000007
0.5067240000000001
0.519501
0.523663
0.5237120000000001
0.526482
0.5395030000000001
0.540407
0.541806
0.542608
0.546958
0.552845
0.554471
0.555448
0.557605
0.563238
0.564968
0.5670390000000001
0.579068
0.580702
0.585049
0.5909340000000001
0.638695
0.6397700000000001
0.641884
0.646348
0.7272890000000001
0.73358
0.734981
0.26889100000000005
0.28707000000000005
0.30249000000000004
0.370068
0.38761900000000005
0.390672
0.395419
0.40959100000000004
0.42237600000000003
0.42751900000000004
0.42787200000000003
0.430253
0.430742
0.439027
0.451465
0.45940100000000006
0.46391800000000005
0.46534600000000004
0.465666
0.466318
0.46848
0.47036200000000006
0.48087599999999997
0.482947
0.494487
0.503779
0.505968
0.511573
0.511904
0.513537
0.5202410000000001
0.522351
0.525421
0.53424
0.5402640000000001
0.542643
0.570076
0.580465
0.592345
0.596172
0.596797
0.619343
0.620558
0.621596
0.6452140000000001
0.6739200000000001
0.677318
0.6895370000000001
0.704746
0.786066
0.358038
0.38744500000000004
0.389293
0.390322
0.39056500000000005
0.395849
0.407886
0.408013
0.434001
0.43721600000000005
0.450014
0.45551600000000003
0.457759
0.464492
0.46598800000000007
0.471102
0.47224600000000005
0.472421
0.47281300000000004
0.47660900000000006
0.48323499999999997
0.483683
0.484525
0.49697100000000005
0.502012
0.506918
0.514745
0.5188510000000001
0.521701
0.527325
0.5306730000000001
0.533109
0.5404950000000001
0.5425840000000001
0.543282
0.543668
0.548509
0.55159
0.551744
0.552153
0.553546
0.554551
0.5576070000000001
0.559473
0.57032
0.579283
0.621361
0.636711
0.642406
0.9818080000000001
0.321792
0.345968
0.369126
0.37348600000000004
0.38384500000000005
0.403071
0.40853900000000004
0.40887300000000004
0.41234200000000004
0.42218700000000003
0.424043
0.42774300000000004
0.43286
0.437251
0.442871
0.44545500000000005
0.45907300000000006
0.465619
0.46813800000000005
0.469924
0.476646
0.477063
0.477592
0.47949300000000006
0.48316900000000007
0.484255
0.48505600000000004
0.487144
0.49128400000000005
0.49375100000000005
0.496977
0.497383
0.501517
0.506618
0.511308
0.511609
0.514095
0.521895
0.5245770000000001
0.530385
0.532029
0.535721
0.541307
0.54871
0.557834
0.5758
0.598476
0.604576
0.615222
0.6414770000000001
0.23684399999999997
0.30716000000000004
0.30963300000000005
0.339098
0.3507
0.36090700000000003
0.36463300000000004
0.38236600000000004
0.38270200000000004
0.391828
0.397747
0.408077
0.420681
0.43168900000000004
0.44047200000000003
0.444168
0.448813
0.45411999999999997
0.45509900000000003
0.45541
0.4601120000000001
0.46055999999999997
0.46322300000000005
0.463468
0.464457
0.4647450000000001
0.47055500000000006
0.470626
0.476619
0.47911100000000006
0.48033100000000006
0.48171700000000006
0.48274800000000007
0.48356200000000005
0.48511400000000005
0.49243100000000006
0.496151
0.497977
0.49870000000000003
0.511223
0.515439
0.522957
0.535784
0.546675
0.549842
0.551925
0.554716
0.555258
0.614514
0.654221
0.34035800000000005
0.364231
0.366591
0.36684900000000004
0.378915
0.390243
0.39078700000000005
0.395787
0.40462000000000004
0.41027600000000003
0.42645900000000003
0.426466
0.42877600000000005
0.429327
0.43402300000000005
0.44177500000000003
0.443634
0.449871
0.452068
0.452098
0.45300000000000007
0.455087
0.459974
0.460572
0.474584
0.476024
0.480572
0.48085500000000003
0.481595
0.48475200000000007
0.49179700000000004
0.5003540000000001
0.500592
0.510911
0.513107
0.514792
0.520037
0.520038
0.531898
0.535494
0.557335
0.558472
0.5719190000000001
0.573955
0.595053
0.6160570000000001
0.646093
0.6533180000000001
0.661653
0.740042
0.321232
0.32325800000000005
0.34378200000000003
0.357868
0.36916600000000005
0.386871
0.39598500000000003
0.403612
0.410827
0.41249600000000003
0.413379
0.420063
0.42727600000000004
0.432059
0.43912500000000004
0.446994
0.44750100000000004
0.448612
0.451099
0.45210300000000003
0.45832800000000007
0.46023800000000004
0.46887100000000004
0.4703820000000001
0.472699
0.47274700000000003
0.47495
0.47531200000000007
0.47852300000000003
0.48505200000000004
0.48858900000000005
0.488715
0.49436199999999997
0.494456
0.49646200000000007
0.49846500000000005
0.5073690000000001
0.510463
0.528717
0.532035
0.533002
0.543255
0.5441670000000001
0.557152
0.560279
0.5851040000000001
0.5930690000000001
0.6189520000000001
0.6218980000000001
0.665424
0.301478
0.333226
0.334172
0.33977100000000005
0.343567
0.34489200000000003
0.346457
0.36689700000000003
0.373759
0.380404
0.407859
0.414067
0.422845
0.42640900000000004
0.428624
0.43117300000000003
0.43545700000000004
0.436495
0.44381100000000007
0.444929
0.446028
0.45099200000000006
0.453496
0.455369
0.45812700000000006
0.45960600000000007
0.460688
0.4613630000000001
0.46859400000000007
0.46931
0.47095
0.47250100000000006
0.47325000000000006
0.47551200000000005
0.486904
0.48736
0.488938
0.507364
0.513177
0.519862
0.522715
0.530518
0.531029
0.5340170000000001
0.551574
0.552548
0.557899
0.5612590000000001
0.6660550000000001
0.703957
0.31389500000000004
0.336285
0.339611
0.34629400000000005
0.36124700000000004
0.392187
0.39666100000000004
0.398531
0.40085000000000004
0.401337
0.40242
0.40828400000000004
0.41048100000000004
0.417101
0.42387
0.42426800000000003
0.425182
0.42662
0.42907300000000004
0.43566900000000003
0.43775600000000003
0.44227099999999997
0.444634
0.4536140000000001
0.45549700000000004
0.455846
0.456472
0.45761300000000005
0.46031600000000006
0.46704
0.46870200000000006
0.47041600000000006
0.47984400000000005
0.48974700000000004
0.49550700000000003
0.50305
0.504922
0.5097860000000001
0.5101370000000001
0.5131560000000001
0.513912
0.5171140000000001
0.517368
0.517454
0.518761
0.52069
0.521184
0.541793
0.577137
0.6134390000000001
0.264932
0.301524
0.34111400000000003
0.34512600000000004
0.35039600000000004
0.355721
0.36110200000000003
0.36985300000000004
0.37481800000000004
0.377614
0.384344
0.39139500000000005
0.39702200000000004
0.398509
0.400031
0.401216
0.411407
0.41166
0.414893
0.41820100000000004
0.42060000000000003
0.420615
0.422537
0.43390500000000004
0.439296
0.439973
0.446368
0.448357
0.45068300000000006
0.458716
0.459101
0.464214
0.4653280000000001
0.46933500000000006
0.469527
0.470357
0.471828
0.48304400000000003
0.48504900000000006
0.48584400000000005
0.48947300000000005
0.49772099999999997
0.49936
0.49995100000000003
0.517305
0.529001
0.561794
0.623646
0.737494
0.80073
0.205975
0.263716
0.338812
0.35706200000000005
0.357771
0.362669
0.36884100000000003
0.37448200000000004
0.38036400000000004
0.383012
0.392019
0.392334
0.40376700000000004
0.407359
0.416503
0.422816
0.42393800000000004
0.428896
0.432425
0.43328500000000003
0.434402
0.43620400000000004
0.4460430000000001
0.44883300000000004
0.45104900000000003
0.454549
0.46082500000000004
0.48455800000000004
0.4849530000000001
0.488646
0.4889720000000001
0.491688
0.49292800000000003
0.497398
0.502691
0.5046240000000001
0.516364
0.519507
0.523343
0.532995
0.540025
0.54394
0.562444
0.564319
0.5658690000000001
0.5803320000000001
0.583894
0.604696
0.605846
0.613994
0.300742
0.306875
0.31177200000000005
0.31968100000000005
0.320215
0.329768
0.36596
0.36835500000000004
0.373551
0.37361900000000003
0.376556
0.380392
0.38650300000000004
0.39444300000000004
0.394923
0.39936900000000003
0.413438
0.41669100000000003
0.417636
0.418756
0.421673
0.42173000000000005
0.425572
0.427202
0.43753000000000003
0.43945700000000004
0.44025200000000003
0.442392
0.444225
0.444442
0.45471800000000007
0.4582780000000001
0.46577999999999997
0.468361
0.470862
0.472943
0.476159
0.48978200000000005
0.49028400000000005
0.49307100000000004
0.49418000000000006
0.497916
0.502653
0.5028130000000001
0.5121410000000001
0.528597
0.561142
0.561616
0.619247
0.631704
0.22446799999999997
0.293897
0.29894400000000004
0.30143800000000004
0.302875
0.316025
0.327569
0.34320100000000003
0.34686300000000003
0.350468
0.351824
0.35492100000000004
0.361433
0.36502700000000005
0.38342200000000004
0.389882
0.39304300000000003
0.396063
0.404592
0.415183
0.41537
0.426617
0.43119100000000005
0.447024
0.455171
0.4580580000000001
0.46698400000000007
0.46877900000000006
0.470229
0.471739
0.47214100000000003
0.475247
0.484584
0.48505600000000004
0.485182
0.491305
0.49169000000000007
0.492645
0.50194
0.503756
0.5042960000000001
0.504888
0.516119
0.530522
0.534371
0.53984
0.5661120000000001
0.585497
0.60634
0.9681799999999999
0.316668
0.317357
0.32818200000000003
0.328203
0.33323800000000003
0.359485
0.366034
0.367099
0.382991
0.38394300000000003
0.388322
0.39129600000000003
0.39161900000000005
0.39218400000000003
0.394202
0.394311
0.39437700000000003
0.404833
0.411289
0.417165
0.425292
0.42757100000000003
0.429468
0.432087
0.432367
0.43776400000000004
0.441133
0.44590300000000005
0.44711200000000006
0.44824600000000003
0.45211500000000004
0.46619
0.468361
0.4686560000000001
0.473538
0.47409
0.476228
0.476638
0.478302
0.481869
0.487684
0.503807
0.517026
0.520788
0.524089
0.533231
0.533772
0.586922
0.6294460000000001
0.6943590000000001
0.26536600000000005
0.29263
0.29988400000000004
0.302423
0.307746
0.313526
0.318041
0.34337300000000004
0.34897700000000004
0.35070700000000005
0.35400400000000004
0.36644400000000005
0.369327
0.371418
0.37281800000000004
0.37312100000000004
0.375497
0.375777
0.380406
0.38208400000000003
0.382249
0.38331800000000005
0.384089
0.38953000000000004
0.394201
0.399532
0.406362
0.409177
0.41582600000000003
0.416136
0.42246
0.425817
0.431273
0.435317
0.45440100000000005
0.45522700000000005
0.45727400000000007
0.45869100000000007
0.47295300000000007
0.48257000000000005
0.483796
0.496753
0.497939
0.504468
0.5132840000000001
0.514852
0.5213300000000001
0.615317
0.626541
0.6451100000000001
0.246269
0.29652100000000003
0.32616100000000003
0.33054500000000003
0.336104
0.34280200000000005
0.349405
0.351727
0.35414300000000004
0.355426
0.360956
0.360974
0.36543600000000004
0.36616200000000004
0.36706700000000003
0.36848200000000003
0.368995
0.37354200000000004
0.37985800000000003
0.387807
0.388537
0.389608
0.392857
0.398967
0.40147700000000003
0.40254100000000004
0.41068400000000005
0.414214
0.41799400000000003
0.418318
0.42870400000000003
0.43090500000000004
0.435805
0.437674
0.44871800000000006
0.44997600000000004
0.450202
0.451542
0.46351600000000004
0.46809600000000007
0.468646
0.478526
0.47966600000000004
0.485924
0.48616800000000004
0.512675
0.5127120000000001
0.540602
0.545514
0.551034
0.28315500000000005
0.29623000000000005
0.29651500000000003
0.32424400000000003
0.33010100000000003
0.342432
0.36772400000000005
0.373935
0.37618900000000005
0.38170000000000004
0.38228500000000004
0.385276
0.389537
0.395145
0.40146400000000004
0.4031
0.406606
0.409161
0.410764
0.41403500000000004
0.41751000000000005
0.418227
0.418623
0.420949
0.43576600000000004
0.43648600000000004
0.43693600000000005
0.43713500000000005
0.439433
0.44222700000000004
0.449159
0.45235100000000006
0.45336600000000005
0.45376800000000006
0.4548650000000001
0.45649700000000004
0.4569770000000001
0.458877
0.45959400000000006
0.463082
0.47354300000000005
0.48399900000000007
0.48586000000000007
0.4895590000000001
0.49353400000000003
0.5032960000000001
0.5212600000000001
0.552774
0.5604830000000001
0.618587
0.231291
0.25556700000000004
0.283886
0.29233200000000004
0.315024
0.321016
0.32191600000000004
0.33472
0.33867200000000003
0.347839
0.36009100000000005
0.36043800000000004
0.360563
0.361121
0.369551
0.37497
0.377765
0.386821
0.393589
0.39677100000000004
0.404453
0.405924
0.417904
0.42035
0.42064900000000005
0.43634100000000003
0.443353
0.45245900000000006
0.454079
0.45521500000000004
0.4593590000000001
0.46108400000000005
0.46320300000000003
0.4707
0.47102200000000005
0.471819
0.47720000000000007
0.477349
0.48024
0.48517
0.48531500000000005
0.489101
0.493862
0.49472400000000005
0.508466
0.509648
0.5326690000000001
0.559221
0.559905
0.606545
0.27175000000000005
0.279248
0.29270300000000005
0.296173
0.33289100000000005
0.33976900000000004
0.342146
0.346845
0.35377000000000003
0.35702900000000004
0.357707
0.360009
0.36424500000000004
0.37518
0.37547400000000003
0.37660400000000005
0.38282200000000005
0.387048
0.38827
0.395272
0.40576100000000004
0.40715700000000005
0.412244
0.416314
0.41722200000000004
0.417974
0.419018
0.42385
0.44097800000000004
0.44511900000000004
0.44524300000000006
0.448404
0.4512050000000001
0.452156
0.46052800000000005
0.471731
0.47318400000000005
0.490792
0.49278900000000003
0.49618000000000007
0.49648100000000006
0.4999640000000001
0.502317
0.503962
0.515451
0.523477
0.53502
0.578773
0.608539
0.7139920000000001
0.22584800000000002
0.280395
0.31602800000000003
0.32095300000000004
0.343787
0.363727
0.372016
0.380012
0.38170400000000004
0.382444
0.38516300000000003
0.38751800000000003
0.38756300000000005
0.39601600000000003
0.39821
0.398876
0.40146800000000005
0.41250000000000003
0.414688
0.416238
0.42258
0.42508
0.426043
0.42634900000000003
0.43056300000000003
0.44201999999999997
0.44226
0.44550200000000006
0.44604699999999997
0.455526
0.45977200000000007
0.46472199999999997
0.46489199999999997
0.464951
0.468202
0.47083600000000003
0.47181800000000007
0.47914900000000005
0.482094
0.48357400000000006
0.48473600000000006
0.49000699999999997
0.517534
0.519649
0.519803
0.5491590000000001
0.5715290000000001
0.583221
0.607278
0.61572
0.22789800000000002
0.26560100000000003
0.28071300000000005
0.28695600000000004
0.298401
0.303034
0.31434300000000004
0.33085200000000003
0.334145
0.341326
0.34536300000000003
0.34692500000000004
0.360478
0.36274300000000004
0.365672
0.371364
0.372896
0.382404
0.387867
0.38846200000000003
0.404032
0.405835
0.423984
0.42768
0.429516
0.433794
0.43803800000000004
0.438213
0.43985100000000005
0.44102600000000003
0.446191
0.45563
0.46612
0.46681300000000003
0.4693780000000001
0.472519
0.47745400000000005
0.480777
0.48090200000000005
0.485089
0.486696
0.491707
0.499644
0.501351
0.503777
0.50427
0.5565180000000001
0.569001
0.576634
0.581673
0.231575
0.233598
0.23864499999999997
0.271959
0.274133
0.282086
0.28392900000000004
0.292719
0.295677
0.300798
0.30506700000000003
0.31186200000000003
0.31906
0.32427100000000003
0.329957
0.330564
0.34708
0.351391
0.351596
0.358213
0.362371
0.36388200000000004
0.36454600000000004
0.36598400000000003
0.367061
0.36824300000000004
0.37411500000000003
0.384851
0.399166
0.40166
0.406223
0.42044200000000004
0.421565
0.42422200000000004
0.425775
0.428456
0.45075200000000004
0.458832
0.460546
0.470251
0.474623
0.476136
0.48734200000000005
0.4948330000000001
0.506977
0.517209
0.53686
0.565492
1.0150659999999998
1.0180699999999998
0.27967800000000004
0.296146
0.296897
0.304721
0.33289100000000005
0.334365
0.348117
0.35757900000000004
0.37370600000000004
0.374456
0.37853600000000004
0.379927
0.380296
0.390847
0.39508600000000005
0.399563
0.400289
0.402552
0.40842900000000004
0.40993
0.41434000000000004
0.41474900000000003
0.420914
0.422929
0.423279
0.425895
0.428005
0.433059
0.437935
0.449943
0.45014600000000005
0.4547840000000001
0.464066
0.466502
0.48870900000000006
0.48907500000000004
0.49358500000000005
0.49963599999999997
0.501511
0.504394
0.50971
0.5168050000000001
0.519131
0.523478
0.527332
0.531223
0.533724
0.5522480000000001
0.617147
0.621464
0.24607700000000002
0.269658
0.27983
0.30405600000000005
0.30515400000000004
0.31728500000000004
0.323377
0.33469400000000005
0.33593100000000004
0.34098900000000004
0.35582400000000003
0.36876400000000004
0.369085
0.37569
0.37665600000000005
0.383757
0.388755
0.404374
0.40510700000000005
0.40798
0.416211
0.421408
0.421945
0.42693000000000003
0.438906
0.44009000000000004
0.44181800000000004
0.443982
0.447624
0.451854
0.45219
0.45618500000000006
0.463618
0.46585600000000005
0.46749799999999997
0.477097
0.479962
0.48192
0.4880610000000001
0.492884
0.50444
0.508587
0.510135
0.5318390000000001
0.542492
0.54433
0.5744
0.586414
0.589918
0.647464
0.288725
0.29563100000000003
0.29821800000000004
0.31081800000000004
0.32323100000000005
0.32329800000000003
0.32746600000000003
0.328793
0.33372300000000005
0.334583
0.336778
0.339137
0.340168
0.34550600000000004
0.35592900000000005
0.37524
0.383658
0.388488
0.38933
0.392094
0.39259900000000003
0.39521
0.401365
0.40423200000000004
0.404304
0.406011
0.41009900000000005
0.411918
0.42022600000000004
0.423082
0.42386900000000005
0.42612900000000004
0.42967
0.432296
0.44120600000000004
0.444002
0.45812300000000006
0.46731100000000003
0.47424
0.47524500000000003
0.47619900000000004
0.48135000000000006
0.481494
0.48471300000000006
0.48913700000000004
0.48915300000000006
0.49991300000000005
0.508839
0.551172
0.58241
0.28504700000000005
0.293792
0.309111
0.312595
0.313554
0.32474000000000003
0.3295
0.33518400000000004
0.33690000000000003
0.337895
0.34271300000000005
0.342723
0.34537100000000004
0.354242
0.362642
0.362794
0.36562
0.37073900000000004
0.37185900000000005
0.372859
0.38608000000000003
0.386382
0.391334
0.39684200000000003
0.400594
0.40408900000000003
0.404696
0.429925
0.43478
0.439831
0.455538
0.45618900000000007
0.46061799999999997
0.463294
0.465989
0.47147700000000003
0.472337
0.47265
0.48607200000000006
0.48981399999999997
0.49165500000000006
0.5013420000000001
0.5232410000000001
0.523513
0.52478
0.53518
0.5525180000000001
0.614155
0.631576
0.708887
0.218873
0.22758399999999998
0.26443500000000003
0.28603500000000004
0.298566
0.30259
0.31824
0.320158
0.32827
0.32875200000000004
0.333733
0.33912600000000004
0.341179
0.34503700000000004
0.349992
0.35646300000000003
0.375151
0.38548200000000005
0.385938
0.38674600000000003
0.391571
0.394915
0.39771100000000004
0.398216
0.404233
0.407806
0.411132
0.412326
0.42474100000000004
0.42558
0.42805600000000005
0.43615600000000004
0.436885
0.43776400000000004
0.44120400000000004
0.44129500000000005
0.452067
0.452523
0.466361
0.475604
0.48968200000000006
0.49023000000000005
0.5043960000000001
0.5066
0.522985
0.53752
0.546236
0.5483830000000001
0.584843
0.6402
0.248555
0.28343300000000005
0.297574
0.30102900000000005
0.30711700000000003
0.31944700000000004
0.32087000000000004
0.321375
0.323654
0.325363
0.33162800000000003
0.33286000000000004
0.34054900000000005
0.34386900000000004
0.35920100000000005
0.36579300000000003
0.367333
0.37082000000000004
0.37560200000000005
0.381158
0.39965
0.40249300000000005
0.40803300000000003
0.41480300000000003
0.415841
0.423746
0.431588
0.432558
0.432636
0.43312500000000004
0.43970600000000004
0.440433
0.453021
0.453955
0.468564
0.471843
0.4725170000000001
0.47708000000000006
0.486094
0.5093610000000001
0.5185730000000001
0.5241560000000001
0.53022
0.535639
0.5452480000000001
0.552326
0.575623
0.598054
0.615641
0.961545
0.269284
0.276002
0.291115
0.29495400000000005
0.295412
0.302373
0.30756900000000004
0.30973500000000004
0.336577
0.33841400000000005
0.34199100000000004
0.345287
0.351659
0.355966
0.362717
0.373018
0.37611
0.377423
0.381566
0.382153
0.38719600000000004
0.394664
0.39523
0.40142700000000003
0.40303900000000004
0.403768
0.404969
0.40597500000000003
0.410127
0.41129600000000005
0.41613300000000003
0.41904800000000003
0.42120300000000005
0.42147500000000004
0.42634500000000003
0.429856
0.43823900000000005
0.441155
0.442659
0.45363300000000006
0.45671800000000007
0.45685
0.45744300000000004
0.458704
0.46045
0.46107200000000004
0.47724600000000006
0.480865
0.537207
0.616669
0.226442
0.25749900000000003
0.259934
0.2918
0.319712
0.320574
0.32329100000000005
0.32367300000000004
0.327994
0.33571700000000004
0.33788500000000005
0.338
0.34164900000000004
0.35472000000000004
0.35663
0.36775100000000005
0.37437200000000004
0.377091
0.378246
0.38879400000000003
0.389062
0.391351
0.39943300000000004
0.40800600000000004
0.408716
0.41277200000000003
0.417182
0.419738
0.419932
0.422812
0.42829
0.42982200000000004
0.43470600000000004
0.435168
0.43847400000000003
0.44206500000000004
0.44621900000000003
0.45282200000000006
0.46646600000000005
0.466765
0.47172500000000006
0.4757060000000001
0.480186
0.496155
0.499984
0.512703
0.513185
0.524505
0.563453
0.639507
0.21272499999999997
0.25394
0.26822100000000004
0.286117
0.28849800000000003
0.28985
0.296086
0.29778600000000005
0.30041900000000005
0.308361
0.309373
0.32827300000000004
0.329065
0.33162400000000003
0.33917600000000003
0.35477600000000004
0.36013100000000003
0.368528
0.369336
0.378381
0.385091
0.392787
0.40153300000000003
0.41129000000000004
0.41512000000000004
0.417464
0.417976
0.418995
0.419312
0.42608500000000005
0.43397600000000003
0.44030800000000003
0.440468
0.44083700000000003
0.442203
0.443068
0.452449
0.45785700000000007
0.4618880000000001
0.462275
0.463384
0.46790200000000004
0.46966700000000006
0.481962
0.49018000000000006
0.50059
0.5082220000000001
0.521378
0.5969
0.658447
0.25982900000000003
0.29335100000000003
0.296688
0.304286
0.30527000000000004
0.31361500000000003
0.313935
0.323118
0.32354900000000003
0.324137
0.327183
0.327299
0.331141
0.334235
0.33488500000000004
0.34646000000000005
0.363705
0.366503
0.367798
0.371273
0.374703
0.377346
0.38096100000000005
0.38141
0.389083
0.393672
0.39377900000000005
0.39727100000000004
0.400436
0.40270900000000004
0.40464500000000003
0.404689
0.405974
0.42115400000000003
0.422178
0.44525800000000004
0.44564400000000004
0.44946300000000006
0.451288
0.46717200000000003
0.475797
0.47768200000000005
0.47836200000000006
0.488602
0.49502999999999997
0.49863599999999997
0.49873900000000004
0.50885
0.512841
0.533258
0.329127
0.349119
0.37682600000000005
0.38375000000000004
0.38451500000000005
0.39070400000000005
0.40001200000000003
0.410345
0.416795
0.418426
0.420391
0.427675
0.433989
0.434612
0.44935400000000003
0.4661310000000001
0.490371
0.49064300000000005
0.5049330000000001
0.506762
0.508704
0.527199
0.5319670000000001
0.562879
0.574195
0.594803
0.598182
0.624108
0.624297
0.645898
0.665648
0.671145
0.676975
0.684029
0.708914
0.710993
0.729604
0.737657
0.738276
0.7439250000000001
0.752599
0.754988
0.761537
0.765543
0.7683490000000001
0.7763140000000001
0.806594
0.806995
0.811988
0.8454
0.25119400000000003
0.279482
0.31154600000000005
0.31666900000000003
0.32066300000000003
0.321796
0.32299700000000003
0.32967300000000005
0.340428
0.34060300000000004
0.34289400000000003
0.35627800000000004
0.37112900000000004
0.37279500000000004
0.378164
0.38026400000000005
0.39878800000000003
0.40951400000000004
0.41277800000000003
0.41530900000000004
0.41613500000000003
0.41932800000000003
0.421848
0.422053
0.42215600000000003
0.42416400000000004
0.427192
0.42832200000000004
0.430526
0.43613
0.44930800000000004
0.452407
0.45830800000000005
0.461958
0.46453500000000003
0.46454700000000004
0.4662470000000001
0.470654
0.47564000000000006
0.47646299999999997
0.4772040000000001
0.481216
0.48671600000000004
0.49287800000000004
0.500658
0.5094810000000001
0.5176000000000001
0.544168
0.625892
0.626232
0.24977399999999997
0.24981899999999999
0.260288
0.272724
0.27573800000000004
0.29342500000000005
0.31265600000000004
0.31323
0.32091000000000003
0.321239
0.342666
0.34732
0.358352
0.359708
0.36162900000000003
0.367373
0.36776200000000003
0.368495
0.377054
0.38358000000000003
0.391695
0.39487300000000003
0.404681
0.407918
0.414661
0.418325
0.42300200000000004
0.42424700000000004
0.428972
0.43171800000000005
0.433944
0.43403600000000003
0.43510400000000005
0.438838
0.440927
0.447109
0.448657
0.454141
0.460079
0.47512600000000005
0.482826
0.485928
0.49583299999999997
0.49872000000000005
0.507269
0.511339
0.534367
0.536331
0.547404
0.614854
0.29930500000000004
0.299466
0.30188000000000004
0.30735500000000004
0.320846
0.33331000000000005
0.340889
0.350627
0.362007
0.365373
0.37235900000000005
0.387954
0.40196200000000004
0.40357200000000004
0.404886
0.406225
0.40758
0.409884
0.419424
0.42002700000000004
0.426926
0.42693600000000004
0.42899200000000004
0.42945700000000003
0.433585
0.43651700000000004
0.438792
0.44114600000000004
0.443117
0.443979
0.444334
0.446655
0.44791500000000006
0.45158200000000004
0.458388
0.46151200000000003
0.46398700000000004
0.46479500000000007
0.465917
0.4726560000000001
0.47516900000000006
0.47705700000000006
0.479183
0.48518800000000006
0.4878910000000001
0.490996
0.503901
0.518719
0.521166
0.549918
0.22994
0.274633
0.275471
0.304574
0.308192
0.322624
0.32355
0.330776
0.334699
0.337361
0.339903
0.34389000000000003
0.344243
0.35821600000000003
0.358408
0.36413100000000004
0.378136
0.39911300000000005
0.40142
0.40430000000000005
0.404887
0.408835
0.411271
0.41883400000000004
0.420281
0.430506
0.431126
0.433253
0.43461
0.4547570000000001
0.455966
0.45963600000000004
0.46001500000000006
0.462317
0.464364
0.465129
0.46576400000000007
0.46585600000000005
0.472106
0.478202
0.487642
0.48837300000000006
0.497764
0.5002570000000001
0.50564
0.509942
0.517595
0.5241100000000001
0.533983
0.549543
0.237789
0.29078800000000005
0.303906
0.31912300000000005
0.325332
0.32941200000000004
0.342778
0.34409700000000004
0.344808
0.346775
0.347887
0.352212
0.355775
0.361501
0.36358500000000005
0.37007700000000004
0.374083
0.392033
0.40051200000000003
0.40516300000000005
0.40613000000000005
0.424682
0.42557300000000003
0.42805600000000005
0.43164800000000003
0.433029
0.433695
0.433875
0.43486600000000003
0.43731600000000004
0.437595
0.440556
0.44268799999999997
0.44552500000000006
0.4498730000000001
0.45056700000000005
0.457924
0.45892600000000006
0.46773200000000004
0.46984400000000004
0.482059
0.4824820000000001
0.49870000000000003
0.501679
0.511028
0.526155
0.543496
0.558173
0.57879
0.69026
0.242887
0.28126100000000004
0.28200200000000003
0.286559
0.292551
0.29970800000000003
0.30618500000000004
0.308759
0.309481
0.318139
0.33723800000000004
0.34278000000000003
0.345642
0.347088
0.350376
0.367254
0.372332
0.380923
0.38180000000000003
0.383164
0.388444
0.392042
0.39393300000000003
0.395548
0.403864
0.410974
0.421474
0.422478
0.42310200000000003
0.426638
0.427236
0.44181500000000007
0.449446
0.450171
0.45141200000000004
0.45348900000000003
0.457589
0.459044
0.470248
0.474677
0.475695
0.481047
0.481785
0.482808
0.488795
0.49165800000000004
0.498618
0.520049
0.520294
0.543751
0.24932
0.27933600000000003
0.282285
0.28434000000000004
0.29265
0.297067
0.30052100000000004
0.30534900000000004
0.30598000000000003
0.30895900000000004
0.314776
0.31797600000000004
0.319301
0.319388
0.32027
0.32275200000000004
0.326664
0.32928500000000005
0.338459
0.35470500000000005
0.357827
0.358848
0.361188
0.362657
0.37406900000000004
0.382632
0.38477
0.390262
0.39158000000000004
0.394548
0.404831
0.41564300000000004
0.42111200000000004
0.42189800000000005
0.42668300000000003
0.42851100000000003
0.430093
0.44351000000000007
0.44516500000000003
0.44705800000000007
0.4513940000000001
0.46514500000000003
0.465473
0.465611
0.472603
0.472749
0.47385900000000003
0.508499
0.51378
0.582479
0.19249999999999998
0.22330599999999998
0.23787099999999997
0.238918
0.274895
0.28166100000000005
0.285853
0.290237
0.29782000000000003
0.30632400000000004
0.309543
0.310244
0.312136
0.32296800000000003
0.340225
0.34341900000000003
0.345331
0.34715700000000005
0.34888800000000003
0.35166600000000003
0.37193600000000004
0.37889300000000004
0.38445300000000004
0.386595
0.39029400000000003
0.391749
0.396216
0.40127300000000005
0.40148
0.408503
0.41328000000000004
0.41920300000000005
0.42257300000000003
0.426711
0.42827400000000004
0.430576
0.431819
0.4442090000000001
0.44843200000000005
0.4502320000000001
0.456519
0.460846
0.47334200000000004
0.503505
0.505147
0.5097860000000001
0.5431710000000001
0.566682
0.5834170000000001
0.646283
0.22796999999999998
0.25795700000000005
0.263239
0.28019700000000003
0.28881300000000004
0.300599
0.321823
0.323326
0.332034
0.35256200000000004
0.354706
0.36230500000000004
0.368634
0.38427
0.385023
0.38907200000000003
0.39549500000000004
0.398538
0.39905100000000004
0.39907800000000004
0.40245600000000004
0.412074
0.414032
0.41466400000000003
0.42030100000000004
0.42099200000000003
0.422316
0.428663
0.439942
0.440707
0.447854
0.45047000000000004
0.45084
0.451403
0.456456
0.4577
0.47597
0.482877
0.48360900000000007
0.49508399999999997
0.5021530000000001
0.505279
0.51173
0.511792
0.512139
0.515252
0.533938
0.560857
0.5740810000000001
0.632259
0.26548000000000005
0.270274
0.281073
0.29564900000000005
0.298908
0.30790900000000004
0.310002
0.32006500000000004
0.320332
0.32134500000000005
0.32738500000000004
0.32794900000000005
0.33126300000000003
0.33561300000000005
0.33667400000000003
0.341168
0.348167
0.350455
0.351219
0.360584
0.361443
0.365327
0.36823900000000004
0.37349200000000005
0.377429
0.379363
0.39492000000000005
0.39516100000000004
0.40236700000000003
0.403032
0.40314300000000003
0.403579
0.410509
0.413173
0.41636500000000004
0.418594
0.427497
0.427619
0.43074300000000004
0.43771200000000005
0.45970600000000006
0.462696
0.47112
0.47129600000000005
0.47599400000000003
0.4771540000000001
0.497532
0.528054
0.544878
0.5846140000000001
0.23935900000000002
0.240096
0.262108
0.262998
0.272967
0.280386
0.29281300000000005
0.294796
0.294978
0.296242
0.303991
0.311099
0.31663100000000005
0.318043
0.31988700000000003
0.32067900000000005
0.32114200000000004
0.324641
0.33623000000000003
0.340322
0.343289
0.34342700000000004
0.35604
0.36170800000000003
0.365864
0.37461500000000003
0.37629300000000004
0.384633
0.386882
0.38868800000000003
0.388936
0.391734
0.399011
0.403945
0.422053
0.42624500000000004
0.428089
0.432659
0.43359200000000003
0.452187
0.476213
0.484012
0.488575
0.489422
0.489731
0.504478
0.505461
0.510872
0.512325
0.51878
0.226708
0.238521
0.240835
0.270762
0.27546600000000004
0.27615100000000004
0.27629200000000004
0.28467600000000004
0.284957
0.286524
0.288831
0.29400200000000004
0.31760700000000003
0.32502200000000003
0.32798000000000005
0.328239
0.33738900000000005
0.35647
0.359949
0.361669
0.36583000000000004
0.367194
0.371423
0.387905
0.39293900000000004
0.39732
0.39953700000000003
0.40052800000000005
0.400928
0.406691
0.40770900000000004
0.41708100000000004
0.42386300000000005
0.43050900000000003
0.435678
0.43661300000000003
0.44691400000000003
0.44752000000000003
0.4481780000000001
0.44849300000000003
0.46993700000000005
0.474433
0.4780650000000001
0.490441
0.501098
0.506455
0.512891
0.520985
0.525039
0.5426960000000001
0.24031
0.266589
0.27405500000000005
0.27669000000000005
0.280692
0.284996
0.29255000000000003
0.293709
0.29675
0.29812700000000003
0.313885
0.32182700000000003
0.325454
0.327674
0.33009900000000003
0.343291
0.34385600000000005
0.347283
0.354404
0.355638
0.35652300000000003
0.35716200000000004
0.35814900000000005
0.35944400000000004
0.360487
0.364887
0.36972200000000005
0.37844300000000003
0.40210300000000004
0.40392100000000003
0.405588
0.40739200000000003
0.413422
0.413748
0.414202
0.41985100000000003
0.42024
0.43123700000000004
0.43628
0.442303
0.44436200000000003
0.450549
0.45209699999999997
0.46367500000000006
0.47026500000000004
0.5096430000000001
0.523926
0.5274340000000001
0.5321130000000001
0.573993
0.19586
0.221108
0.22949299999999997
0.23707799999999998
0.261448
0.28871100000000005
0.296927
0.29911000000000004
0.30088200000000004
0.301478
0.30832400000000004
0.308607
0.31859200000000004
0.32495500000000005
0.327757
0.32801400000000003
0.341756
0.346438
0.349264
0.35128000000000004
0.351704
0.358839
0.365506
0.36854400000000004
0.37206500000000003
0.373051
0.37431600000000004
0.38003400000000004
0.390824
0.391757
0.392363
0.40398100000000003
0.406598
0.42619100000000004
0.43531000000000003
0.45096800000000004
0.457649
0.45984800000000003
0.46136
0.477344
0.48067000000000004
0.489727
0.49473600000000006
0.5267740000000001
0.536315
0.538602
0.54494
0.613585
0.626084
0.695898
0.211641
0.239067
0.28437300000000004
0.296777
0.30040700000000004
0.30777200000000005
0.310165
0.314884
0.33149
0.33415500000000004
0.34201200000000004
0.343888
0.345285
0.34623800000000005
0.350569
0.35315100000000005
0.35947100000000004
0.360972
0.361462
0.362285
0.371846
0.373624
0.380226
0.39141400000000004
0.393326
0.398811
0.40002800000000005
0.40005100000000005
0.41274700000000003
0.414858
0.42096500000000003
0.432325
0.433394
0.44735199999999997
0.4473980000000001
0.45061300000000004
0.45973300000000006
0.46108800000000005
0.462407
0.46854000000000007
0.46939200000000003
0.472789
0.480741
0.48376600000000003
0.484101
0.49587000000000003
0.508287
0.516499
0.5194610000000001
0.553795
0.240434
0.256925
0.30773100000000003
0.313524
0.313861
0.320209
0.32284100000000004
0.32551
0.344133
0.346885
0.353907
0.354484
0.35510400000000003
0.357291
0.368784
0.369448
0.38302200000000003
0.389153
0.38918800000000003
0.399498
0.401401
0.401722
0.402911
0.410594
0.41204300000000005
0.415684
0.42711400000000005
0.44329700000000005
0.443739
0.44397
0.44606900000000005
0.44833500000000004
0.450168
0.45473700000000006
0.456298
0.460989
0.461141
0.46423400000000004
0.46680600000000005
0.470997
0.471963
0.4785400000000001
0.480213
0.49736
0.5034040000000001
0.5064620000000001
0.5234110000000001
0.55656
0.563825
0.565078
