# wavelength transmittance reflectance absorbance transmittance reflectance absorbance
0.300000 1.3981942500e-04 3.0903465000e-01 6.9082553000e-01 1.3740480100e-04 3.1125754000e-01 6.8860505000e-01
0.310000 2.4466951500e-04 3.2388578000e-01 6.7586955000e-01 2.4091339300e-04 3.2603748000e-01 6.7372161000e-01
0.320000 4.0594112500e-04 3.2278778000e-01 6.7680628000e-01 4.0018542500e-04 3.2501488000e-01 6.7458493000e-01
0.330000 5.1737025100e-04 3.1573735000e-01 6.8374528000e-01 5.1015896000e-04 3.1808847000e-01 6.8140137000e-01
0.340000 1.0469813100e-03 2.8287660000e-01 7.1607642000e-01 1.0341317400e-03 2.8510074000e-01 7.1386513000e-01
0.350000 1.6296083700e-03 2.5013126000e-01 7.4823913000e-01 1.6110082200e-03 2.5225599000e-01 7.4613300000e-01
0.360000 2.2384308600e-03 2.1669517000e-01 7.8106640000e-01 2.2143291500e-03 2.1869892000e-01 7.7908675000e-01
0.370000 2.8154334100e-03 1.8420634000e-01 8.1297822000e-01 2.7869584400e-03 1.8602967000e-01 8.1118337000e-01
0.380000 3.5010311400e-03 1.5175818000e-01 8.4474079000e-01 3.4684717300e-03 1.5332630000e-01 8.4320522000e-01
0.390000 4.3023641700e-03 1.2105098000e-01 8.7464665000e-01 4.2664468300e-03 1.2231589000e-01 8.7341767000e-01
0.400000 5.2264280300e-03 9.3518250000e-02 9.0125532000e-01 5.1883919200e-03 9.4459010000e-02 9.0035260000e-01
0.410000 6.2823075000e-03 7.0187320000e-02 9.2353038000e-01 6.2439828400e-03 7.0806280000e-02 9.2294974000e-01
0.420000 5.9047555000e-03 5.5561070000e-02 9.3853417000e-01 5.8731211500e-03 5.5846680000e-02 9.3828019000e-01
0.430000 4.9750453200e-03 4.4799330000e-02 9.5022562000e-01 4.9518202900e-03 4.4638070000e-02 9.5041011000e-01
0.440000 4.2278069600e-03 3.5557770000e-02 9.6021443000e-01 4.2119946100e-03 3.4825570000e-02 9.6096243000e-01
0.450000 3.6144428500e-03 2.8416350000e-02 9.6796921000e-01 3.6051980500e-03 2.7009170000e-02 9.6938563000e-01
0.460000 3.1016718200e-03 2.3887730000e-02 9.7301060000e-01 3.0982186700e-03 2.1743820000e-02 9.7515796000e-01
0.470000 2.6671504700e-03 2.2356920000e-02 9.7497593000e-01 2.6687614600e-03 1.9480810000e-02 9.7785042000e-01
0.480000 2.2948069200e-03 2.3917420000e-02 9.7378777000e-01 2.3007672800e-03 2.0396350000e-02 9.7730288000e-01
0.490000 1.9742672900e-03 2.8354770000e-02 9.6967096000e-01 1.9838920700e-03 2.4368710000e-02 9.7364740000e-01
0.500000 1.6244991300e-03 3.4188910000e-02 9.6418659000e-01 1.6336442000e-03 2.9877280000e-02 9.6848908000e-01
0.510000 1.2559872100e-03 3.9584320000e-02 9.5915970000e-01 1.2604616200e-03 3.4743840000e-02 9.6399570000e-01
0.520000 9.7496777300e-04 4.4798610000e-02 9.5422642000e-01 9.7604253300e-04 3.9265700000e-02 9.5975825000e-01
0.530000 7.6089273200e-04 4.9228820000e-02 9.5001028000e-01 7.5956953200e-04 4.2835960000e-02 9.5640447000e-01
0.540000 5.9760459900e-04 5.2552380000e-02 9.4685002000e-01 5.9463872600e-04 4.5144140000e-02 9.5426122000e-01
0.550000 4.7257709700e-04 5.4656810000e-02 9.4487062000e-01 4.6851471500e-04 4.6098140000e-02 9.5343335000e-01
0.560000 3.7643293800e-04 5.5562970000e-02 9.4406059000e-01 3.7166309300e-04 4.5749690000e-02 9.5387864000e-01
0.570000 3.0205317400e-04 5.5374380000e-02 9.4432357000e-01 2.9684730900e-04 4.4237500000e-02 9.5546565000e-01
0.580000 2.4415687300e-04 5.4236130000e-02 9.4551971000e-01 2.3870542700e-04 4.1751430000e-02 9.5800986000e-01
0.590000 1.9875497400e-04 5.2304260000e-02 9.4749698000e-01 1.9319286400e-04 3.8498320000e-02 9.6130849000e-01
0.600000 1.6293506300e-04 4.9740190000e-02 9.5009687000e-01 1.5736061800e-04 3.4699860000e-02 9.6514278000e-01
0.610000 1.3446370300e-04 4.6687050000e-02 9.5317849000e-01 1.2895079400e-04 3.0563550000e-02 9.6930750000e-01
0.620000 1.1178629700e-04 4.3295530000e-02 9.5659268000e-01 1.0638963300e-04 2.6307580000e-02 9.7358603000e-01
0.630000 1.0331877100e-04 4.1602490000e-02 9.5829419000e-01 9.7794175600e-05 2.4052220000e-02 9.7584999000e-01
0.640000 9.5802540500e-05 3.9726320000e-02 9.6017788000e-01 9.0187163900e-05 2.1836380000e-02 9.7807343000e-01
0.650000 8.9108593900e-05 3.7722140000e-02 9.6218875000e-01 8.3434961400e-05 1.9722790000e-02 9.8019378000e-01
0.660000 8.3109790300e-05 3.5634550000e-02 9.6428234000e-01 7.7406915400e-05 1.7757140000e-02 9.8216546000e-01
0.670000 7.7716222100e-05 3.3510240000e-02 9.6641204000e-01 7.2009705000e-05 1.5980560000e-02 9.8394743000e-01
0.680000 7.2854562500e-05 3.1387660000e-02 9.6853948000e-01 6.7166416900e-05 1.4421310000e-02 9.8551152000e-01
0.690000 6.8445586700e-05 2.9302580000e-02 9.7062897000e-01 6.2795754400e-05 1.3100460000e-02 9.8683675000e-01
0.700000 6.4443535400e-05 2.7285380000e-02 9.7265018000e-01 5.8848570400e-05 1.2030990000e-02 9.8791017000e-01
0.710000 6.0791989400e-05 2.5363610000e-02 9.7457560000e-01 5.5266606000e-05 1.1220510000e-02 9.8872423000e-01
0.720000 5.7451013500e-05 2.3559610000e-02 9.7638294000e-01 5.2007563400e-05 1.0671290000e-02 9.8927670000e-01
0.730000 5.4396027200e-05 2.1893940000e-02 9.7805167000e-01 4.9043974500e-05 1.0380450000e-02 9.8957051000e-01
0.740000 5.1577177700e-05 2.0381760000e-02 9.7956666000e-01 4.6325618100e-05 1.0345430000e-02 9.8960824000e-01
0.750000 4.8994245800e-05 1.9033100000e-02 9.8091791000e-01 4.3848131000e-05 1.0551300000e-02 9.8940485000e-01
0.760000 4.6601801200e-05 1.7860530000e-02 9.8209286000e-01 4.1566610300e-05 1.0996020000e-02 9.8896242000e-01
0.770000 4.4383652500e-05 1.6871280000e-02 9.8308433000e-01 3.9463146200e-05 1.1669230000e-02 9.8829131000e-01
0.780000 4.2337923500e-05 1.6062470000e-02 9.8389519000e-01 3.7532723800e-05 1.2549000000e-02 9.8741347000e-01
0.790000 4.0437145100e-05 1.5441570000e-02 9.8451800000e-01 3.5748179200e-05 1.3632750000e-02 9.8633150000e-01
0.800000 3.8668719500e-05 1.5002200000e-02 9.8495913000e-01 3.4095562300e-05 1.4902240000e-02 9.8506367000e-01
0.810000 3.7021268300e-05 1.4740250000e-02 9.8522273000e-01 3.2562559000e-05 1.6344970000e-02 9.8362247000e-01
0.820000 3.5489383200e-05 1.4656640000e-02 9.8530787000e-01 3.1142823100e-05 1.7953080000e-02 9.8201578000e-01
0.830000 3.4882429600e-05 1.4681920000e-02 9.8528320000e-01 3.0558790700e-05 1.9423870000e-02 9.8054557000e-01
0.840000 3.5925827700e-05 1.4674760000e-02 9.8528932000e-01 3.1454452100e-05 2.0393890000e-02 9.7957466000e-01
0.850000 3.6997507600e-05 1.4685640000e-02 9.8527737000e-01 3.2375390300e-05 2.1358070000e-02 9.7860955000e-01
0.860000 3.8070740000e-05 1.4714750000e-02 9.8524718000e-01 3.3297786000e-05 2.2321980000e-02 9.7764472000e-01
0.870000 3.9161896900e-05 1.4757970000e-02 9.8520287000e-01 3.4236358300e-05 2.3276070000e-02 9.7668969000e-01
0.880000 4.0275692900e-05 1.4818070000e-02 9.8514166000e-01 3.5195791800e-05 2.4220690000e-02 9.7574411000e-01
0.890000 4.1401552200e-05 1.4892340000e-02 9.8506626000e-01 3.6166729500e-05 2.5154880000e-02 9.7480895000e-01
0.900000 4.2541016900e-05 1.4971360000e-02 9.8498610000e-01 3.7150245500e-05 2.6068220000e-02 9.7389463000e-01
0.910000 4.3697269600e-05 1.5065050000e-02 9.8489125000e-01 3.8150290900e-05 2.6968510000e-02 9.7299334000e-01
0.920000 4.4872008300e-05 1.5163780000e-02 9.8479135000e-01 3.9168123800e-05 2.7845370000e-02 9.7211546000e-01
0.930000 4.6065386000e-05 1.5266040000e-02 9.8468789000e-01 4.0204181800e-05 2.8696390000e-02 9.7126340000e-01
0.940000 4.7282428100e-05 1.5372970000e-02 9.8457975000e-01 4.1263648500e-05 2.9520830000e-02 9.7043790000e-01
0.950000 4.8507087500e-05 1.5480820000e-02 9.8447068000e-01 4.2332072400e-05 3.0317790000e-02 9.6963988000e-01
0.960000 4.9755711000e-05 1.5589910000e-02 9.8436033000e-01 4.3424963100e-05 3.1083120000e-02 9.6887345000e-01
0.970000 5.1005438100e-05 1.5700640000e-02 9.8424836000e-01 4.4522082700e-05 3.1821190000e-02 9.6813428000e-01
0.980000 5.2285902900e-05 1.5806410000e-02 9.8414130000e-01 4.5650365000e-05 3.2518500000e-02 9.6743585000e-01
0.990000 5.3585736300e-05 1.5907300000e-02 9.8403911000e-01 4.6799993900e-05 3.3176700000e-02 9.6677650000e-01
1.000000 5.4898424600e-05 1.6005310000e-02 9.8393979000e-01 4.7965962600e-05 3.3798010000e-02 9.6615402000e-01
1.010000 5.6230610500e-05 1.6096730000e-02 9.8384704000e-01 4.9154442100e-05 3.4376700000e-02 9.6557415000e-01
1.020000 5.7575708600e-05 1.6183610000e-02 9.8375881000e-01 5.0360434100e-05 3.4914930000e-02 9.6503471000e-01
1.030000 5.8933702200e-05 1.6265210000e-02 9.8367585000e-01 5.1584531200e-05 3.5410950000e-02 9.6453746000e-01
1.040000 6.0311319400e-05 1.6338530000e-02 9.8360116000e-01 5.2833013200e-05 3.5859850000e-02 9.6408732000e-01
1.050000 6.1720830800e-05 1.6401540000e-02 9.8353674000e-01 5.4117666800e-05 3.6256420000e-02 9.6368946000e-01
1.060000 6.3143410900e-05 1.6458120000e-02 9.8347874000e-01 5.5422491600e-05 3.6606890000e-02 9.6333769000e-01
1.070000 6.4566673000e-05 1.6509910000e-02 9.8342552000e-01 5.6736867900e-05 3.6914250000e-02 9.6302902000e-01
1.080000 6.6022041800e-05 1.6551050000e-02 9.8338293000e-01 5.8089608100e-05 3.7166410000e-02 9.6277550000e-01
1.090000 6.7497273900e-05 1.6583680000e-02 9.8334883000e-01 5.9470221200e-05 3.7367110000e-02 9.6257342000e-01
1.100000 6.8985456500e-05 1.6609900000e-02 9.8332111000e-01 6.0873619700e-05 3.7518490000e-02 9.6242064000e-01
1.110000 7.0506076700e-05 1.6626170000e-02 9.8330332000e-01 6.2317784800e-05 3.7613470000e-02 9.6232421000e-01
1.120000 7.2026984200e-05 1.6638660000e-02 9.8328932000e-01 6.3774534500e-05 3.7662680000e-02 9.6227354000e-01
1.130000 7.3560655300e-05 1.6645560000e-02 9.8328088000e-01 6.5255998900e-05 3.7661590000e-02 9.6227315000e-01
1.140000 7.5126833900e-05 1.6643870000e-02 9.8328100000e-01 6.6780398100e-05 3.7604130000e-02 9.6232909000e-01
1.150000 7.6692884800e-05 1.6639720000e-02 9.8328359000e-01 6.8319031500e-05 3.7500840000e-02 9.6243084000e-01
1.160000 7.8291477300e-05 1.6628260000e-02 9.8329345000e-01 6.9902003900e-05 3.7342080000e-02 9.6258802000e-01
1.170000 7.9909757100e-05 1.6612490000e-02 9.8330760000e-01 7.1518127800e-05 3.7132860000e-02 9.6279562000e-01
1.180000 8.1540586800e-05 1.6594090000e-02 9.8332437000e-01 7.3162144900e-05 3.6875330000e-02 9.6305151000e-01
1.190000 8.3183853100e-05 1.6573690000e-02 9.8334313000e-01 7.4834577600e-05 3.6570180000e-02 9.6335498000e-01
1.200000 8.4859796500e-05 1.6549190000e-02 9.8336595000e-01 7.6554104300e-05 3.6213370000e-02 9.6371007000e-01
1.210000 8.6542048500e-05 1.6525820000e-02 9.8338764000e-01 7.8296818800e-05 3.5814220000e-02 9.6410748000e-01
1.220000 8.8236522900e-05 1.6502870000e-02 9.8340889000e-01 8.0069503900e-05 3.5370910000e-02 9.6454902000e-01
1.230000 8.9956436100e-05 1.6479040000e-02 9.8343100000e-01 8.1885031900e-05 3.4881020000e-02 9.6503709000e-01
1.240000 9.1702911700e-05 1.6456700000e-02 9.8345160000e-01 8.3743442300e-05 3.4348970000e-02 9.6556729000e-01
1.250000 9.4139923100e-05 1.6414520000e-02 9.8349134000e-01 8.6201319000e-05 3.3732940000e-02 9.6618086000e-01
1.260000 9.6612154700e-05 1.6391660000e-02 9.8351173000e-01 8.8711042300e-05 3.3099560000e-02 9.6681173000e-01
1.270000 9.9112012600e-05 1.6388940000e-02 9.8351195000e-01 9.1267031700e-05 3.2450550000e-02 9.6745818000e-01
1.280000 1.0163912900e-04 1.6406940000e-02 9.8349142000e-01 9.3869658900e-05 3.1787270000e-02 9.6811886000e-01
1.290000 1.0420071400e-04 1.6446460000e-02 9.8344933000e-01 9.6525541300e-05 3.1111320000e-02 9.6879215000e-01
1.300000 1.0681100200e-04 1.6506500000e-02 9.8338669000e-01 9.9248791300e-05 3.0421400000e-02 9.6947935000e-01
1.310000 1.2387734300e-04 1.5350130000e-02 9.8452599000e-01 1.1538625800e-04 2.7525710000e-02 9.7235890000e-01
1.320000 1.2899413900e-04 1.5341560000e-02 9.8452944000e-01 1.2050495100e-04 2.6617770000e-02 9.7326173000e-01
1.330000 1.3424504100e-04 1.5373900000e-02 9.8449185000e-01 1.2578069200e-04 2.5733490000e-02 9.7414073000e-01
1.340000 1.3963069900e-04 1.5448260000e-02 9.8441211000e-01 1.3121536300e-04 2.4875250000e-02 9.7499354000e-01
1.350000 1.4515165000e-04 1.5565720000e-02 9.8428913000e-01 1.3681070500e-04 2.4045420000e-02 9.7581777000e-01
1.360000 1.5080836200e-04 1.5727370000e-02 9.8412182000e-01 1.4256835300e-04 2.3246410000e-02 9.7661102000e-01
1.370000 1.5660118800e-04 1.5934220000e-02 9.8390917000e-01 1.4848982600e-04 2.2480600000e-02 9.7737091000e-01
1.380000 1.6253040900e-04 1.6187260000e-02 9.8365021000e-01 1.5457655900e-04 2.1750300000e-02 9.7809513000e-01
1.390000 1.6859619200e-04 1.6487470000e-02 9.8334394000e-01 1.6082980100e-04 2.1057910000e-02 9.7878126000e-01
1.400000 1.7479862300e-04 1.6835760000e-02 9.8298944000e-01 1.6725072100e-04 2.0405750000e-02 9.7942699000e-01
1.410000 1.8113765600e-04 1.7233000000e-02 9.8258586000e-01 1.7384032700e-04 1.9796110000e-02 9.8003005000e-01
1.420000 1.8761318600e-04 1.7680100000e-02 9.8213229000e-01 1.8059947300e-04 1.9231330000e-02 9.8058808000e-01
1.430000 1.9422500400e-04 1.8177850000e-02 9.8162793000e-01 1.8752892900e-04 1.8713620000e-02 9.8109885000e-01
1.440000 2.0097275300e-04 1.8727020000e-02 9.8107201000e-01 1.9462922400e-04 1.8245260000e-02 9.8156011000e-01
1.450000 2.0785604800e-04 1.9328410000e-02 9.8046373000e-01 2.0190082100e-04 1.7828440000e-02 9.8196966000e-01
1.460000 2.1487431000e-04 1.9982720000e-02 9.7980241000e-01 2.0934390800e-04 1.7465370000e-02 9.8232529000e-01
1.470000 2.2202696400e-04 2.0690620000e-02 9.7908735000e-01 2.1695868900e-04 1.7158120000e-02 9.8262492000e-01
1.480000 2.2931320900e-04 2.1452790000e-02 9.7831790000e-01 2.2474495300e-04 1.6908880000e-02 9.8286638000e-01
1.490000 2.3673226000e-04 2.2269840000e-02 9.7749343000e-01 2.3270255800e-04 1.6719650000e-02 9.8304765000e-01
1.500000 2.4428313800e-04 2.3142310000e-02 9.7661340000e-01 2.4083102800e-04 1.6592440000e-02 9.8316673000e-01
1.510000 2.5196478300e-04 2.4070810000e-02 9.7567722000e-01 2.4912974400e-04 1.6529250000e-02 9.8322162000e-01
1.520000 2.5977606300e-04 2.5055810000e-02 9.7468441000e-01 2.5759794400e-04 1.6531980000e-02 9.8321043000e-01
1.530000 2.6771570600e-04 2.6097770000e-02 9.7363451000e-01 2.6623465700e-04 1.6602450000e-02 9.8313132000e-01
1.540000 2.7578235200e-04 2.7197170000e-02 9.7252705000e-01 2.7503870500e-04 1.6742510000e-02 9.8298246000e-01
1.550000 2.8397450700e-04 2.8354370000e-02 9.7136166000e-01 2.8400870800e-04 1.6953870000e-02 9.8276212000e-01
1.560000 2.9229066200e-04 2.9569740000e-02 9.7013797000e-01 2.9314324900e-04 1.7238180000e-02 9.8246868000e-01
1.570000 3.0072904500e-04 3.0843600000e-02 9.6885567000e-01 3.0244039800e-04 1.7597090000e-02 9.8210047000e-01
1.580000 3.0928799200e-04 3.2176280000e-02 9.6751443000e-01 3.1189844400e-04 1.8032110000e-02 9.8165600000e-01
1.590000 3.1796551900e-04 3.3567940000e-02 9.6611409000e-01 3.2151509500e-04 1.8544670000e-02 9.8113381000e-01
1.600000 3.2675977300e-04 3.5018900000e-02 9.6465434000e-01 3.3128822500e-04 1.9136210000e-02 9.8053250000e-01
1.610000 3.3566851700e-04 3.6529230000e-02 9.6313510000e-01 3.4121509600e-04 1.9808000000e-02 9.7985078000e-01
1.620000 3.4468974300e-04 3.8099120000e-02 9.6155619000e-01 3.5129328800e-04 2.0561260000e-02 9.7908744000e-01
1.630000 3.5382108500e-04 3.9728660000e-02 9.5991752000e-01 3.6151973400e-04 2.1397150000e-02 9.7824133000e-01
1.640000 3.6306023000e-04 4.1417890000e-02 9.5821905000e-01 3.7189146800e-04 2.2316720000e-02 9.7731139000e-01
1.650000 3.7240472000e-04 4.3166810000e-02 9.5646078000e-01 3.8240524400e-04 2.3320900000e-02 9.7629669000e-01
1.660000 3.8185200300e-04 4.4975440000e-02 9.5464271000e-01 3.9305759800e-04 2.4410610000e-02 9.7519633000e-01
1.670000 3.9139948500e-04 4.6843690000e-02 9.5276491000e-01 4.0384499700e-04 2.5586620000e-02 9.7400954000e-01
1.680000 4.0104441400e-04 4.8771430000e-02 9.5082753000e-01 4.1476361200e-04 2.6849590000e-02 9.7273565000e-01
1.690000 4.1078408800e-04 5.0758610000e-02 9.4883061000e-01 4.2580964500e-04 2.8200180000e-02 9.7137401000e-01
1.700000 4.2061551600e-04 5.2804920000e-02 9.4677447000e-01 4.3697878200e-04 2.9638800000e-02 9.6992422000e-01
1.710000 4.3053587900e-04 5.4910270000e-02 9.4465920000e-01 4.4826705400e-04 3.1165950000e-02 9.6838578000e-01
1.720000 4.4054202400e-04 5.7074270000e-02 9.4248518000e-01 4.5966975700e-04 3.2781850000e-02 9.6675848000e-01
1.730000 4.5063103900e-04 5.9296790000e-02 9.4025258000e-01 4.7118269000e-04 3.4486790000e-02 9.6504202000e-01
1.740000 4.6079958000e-04 6.1577290000e-02 9.3796191000e-01 4.8280084900e-04 3.6280780000e-02 9.6323642000e-01
1.750000 4.7104458900e-04 6.3915590000e-02 9.3561337000e-01 4.9451969400e-04 3.8163930000e-02 9.6134155000e-01
1.760000 4.8136267800e-04 6.6311140000e-02 9.3320750000e-01 5.0633410900e-04 4.0136070000e-02 9.5935759000e-01
1.770000 4.9175057400e-04 6.8763550000e-02 9.3074470000e-01 5.1823917400e-04 4.2197060000e-02 9.5728470000e-01
1.780000 5.0220484900e-04 7.1272320000e-02 9.2822547000e-01 5.3022965200e-04 4.4346600000e-02 9.5512317000e-01
1.790000 5.1272206800e-04 7.3836920000e-02 9.2565036000e-01 5.4230030900e-04 4.6584290000e-02 9.5287340000e-01
1.800000 5.2329883500e-04 7.6456840000e-02 9.2301986000e-01 5.5444596100e-04 4.8909730000e-02 9.5053582000e-01
1.810000 5.3393142600e-04 7.9131370000e-02 9.2033470000e-01 5.6666086500e-04 5.1322210000e-02 9.4811113000e-01
1.820000 5.4461650300e-04 8.1860050000e-02 9.1759533000e-01 5.7893989900e-04 5.3821220000e-02 9.4559984000e-01
1.830000 5.5535024800e-04 8.4641980000e-02 9.1480267000e-01 5.9127714300e-04 5.6405830000e-02 9.4300290000e-01
1.840000 5.6612930000e-04 8.7476800000e-02 9.1195707000e-01 6.0366745000e-04 5.9075440000e-02 9.4032089000e-01
1.850000 5.7694969500e-04 9.0363410000e-02 9.0905964000e-01 6.1610463500e-04 6.1828810000e-02 9.3755509000e-01
1.860000 5.8780803700e-04 9.3301370000e-02 9.0611082000e-01 6.2858351300e-04 6.4665230000e-02 9.3470618000e-01
1.870000 5.9870037800e-04 9.6289610000e-02 9.0311169000e-01 6.4109791800e-04 6.7583310000e-02 9.3177559000e-01
1.880000 6.0962321500e-04 9.9327550000e-02 9.0006283000e-01 6.5364248900e-04 7.0582100000e-02 9.2876425000e-01
1.890000 6.2057268000e-04 1.0241416000e-01 8.9696527000e-01 6.6621124500e-04 7.3660200000e-02 9.2567359000e-01
1.900000 6.3154514500e-04 1.0554867000e-01 8.9381978000e-01 6.7879859200e-04 7.6816330000e-02 9.2250487000e-01
1.910000 6.4253677000e-04 1.0873011000e-01 8.9062735000e-01 6.9139866800e-04 8.0049050000e-02 9.1925955000e-01
1.920000 6.5354388700e-04 1.1195756000e-01 8.8738890000e-01 7.0400583500e-04 8.3356890000e-02 9.1593911000e-01
1.930000 6.6456283500e-04 1.1523016000e-01 8.8410528000e-01 7.1661452400e-04 8.6738400000e-02 9.1254499000e-01
1.940000 6.7558974300e-04 1.1854671000e-01 8.8077770000e-01 7.2921883400e-04 9.0191750000e-02 9.0907903000e-01
1.950000 6.8662109000e-04 1.2190650000e-01 8.7740688000e-01 7.4181347600e-04 9.3715600000e-02 9.0554259000e-01
1.960000 6.9765298000e-04 1.2530816000e-01 8.7399419000e-01 7.5439254400e-04 9.7307830000e-02 9.0193778000e-01
1.970000 7.0868204500e-04 1.2875109000e-01 8.7054022000e-01 7.6695105400e-04 1.0096719000e-01 8.9826586000e-01
1.980000 7.1970429200e-04 1.3223373000e-01 8.6704656000e-01 7.7948300700e-04 1.0469130000e-01 8.9452922000e-01
1.990000 7.3071643600e-04 1.3575546000e-01 8.6351382000e-01 7.9198359900e-04 1.0847879000e-01 8.9072922000e-01
2.000000 7.4171468400e-04 1.3931483000e-01 8.5994345000e-01 8.0444721600e-04 1.1232739000e-01 8.8686817000e-01
2.010000 7.5269555500e-04 1.4291096000e-01 8.5633634000e-01 8.1686883700e-04 1.1623543000e-01 8.8294771000e-01
2.020000 7.6365553600e-04 1.4654255000e-01 8.5269379000e-01 8.2924334300e-04 1.2020070000e-01 8.7897005000e-01
2.030000 7.7459120100e-04 1.5020860000e-01 8.4901681000e-01 8.4156584500e-04 1.2422139000e-01 8.7493705000e-01
2.040000 7.8549906900e-04 1.5390788000e-01 8.4530662000e-01 8.5383138900e-04 1.2829539000e-01 8.7085078000e-01
2.050000 7.9637580500e-04 1.5763923000e-01 8.4156439000e-01 8.6603529100e-04 1.3242061000e-01 8.6671336000e-01
2.060000 8.0721788900e-04 1.6140113000e-01 8.3779165000e-01 8.7817262000e-04 1.3659458000e-01 8.6252725000e-01
2.070000 8.1802203900e-04 1.6519239000e-01 8.3398959000e-01 8.9023886100e-04 1.4081522000e-01 8.5829454000e-01
2.080000 8.2878509800e-04 1.6901180000e-01 8.3015942000e-01 9.0222973600e-04 1.4508038000e-01 8.5401739000e-01
2.090000 8.3950390300e-04 1.7285816000e-01 8.2630234000e-01 9.1414099300e-04 1.4938793000e-01 8.4969793000e-01
2.100000 8.5017537100e-04 1.7673029000e-01 8.2241954000e-01 9.2596853400e-04 1.5373580000e-01 8.4533823000e-01
2.110000 8.6079646600e-04 1.8062694000e-01 8.1851226000e-01 9.3770842400e-04 1.5812179000e-01 8.4094051000e-01
2.120000 8.7136428800e-04 1.8454693000e-01 8.1458171000e-01 9.4935690100e-04 1.6254380000e-01 8.3650684000e-01
2.130000 8.8187590000e-04 1.8848906000e-01 8.1062907000e-01 9.6091022900e-04 1.6699976000e-01 8.3203933000e-01
2.140000 8.9232855300e-04 1.9245210000e-01 8.0665557000e-01 9.7236500000e-04 1.7148750000e-01 8.2754014000e-01
2.150000 9.0271947900e-04 1.9643486000e-01 8.0266242000e-01 9.8371779900e-04 1.7600494000e-01 8.2301135000e-01
2.160000 9.1304597600e-04 2.0043615000e-01 7.9865080000e-01 9.9496535100e-04 1.8055004000e-01 8.1845500000e-01
2.170000 9.2330552700e-04 2.0445476000e-01 7.9462194000e-01 1.0061047100e-03 1.8512068000e-01 8.1387322000e-01
2.180000 9.3349558000e-04 2.0848950000e-01 7.9057700000e-01 1.0171328800e-03 1.8971484000e-01 8.0926803000e-01
2.190000 9.4361365700e-04 2.1253923000e-01 7.8651716000e-01 1.0280470500e-03 1.9433053000e-01 8.0464142000e-01
2.200000 9.5365750600e-04 2.1660273000e-01 7.8244361000e-01 1.0388447400e-03 1.9896571000e-01 7.9999544000e-01
2.210000 9.6362473200e-04 2.2067885000e-01 7.7835752000e-01 1.0495233400e-03 2.0361843000e-01 7.9533205000e-01
2.220000 9.7351315900e-04 2.2476647000e-01 7.7426001000e-01 1.0600805200e-03 2.0828678000e-01 7.9065314000e-01
2.230000 9.8332073700e-04 2.2886442000e-01 7.7015226000e-01 1.0705142300e-03 2.1296880000e-01 7.8596068000e-01
2.240000 9.9304537800e-04 2.3297157000e-01 7.6603538000e-01 1.0808223500e-03 2.1766264000e-01 7.8125653000e-01
2.250000 1.0026850700e-03 2.3708684000e-01 7.6191048000e-01 1.0910029100e-03 2.2236650000e-01 7.7654250000e-01
2.260000 1.0122380400e-03 2.4120907000e-01 7.5777869000e-01 1.1010543200e-03 2.2707850000e-01 7.7182044000e-01
2.270000 1.0217024300e-03 2.4533722000e-01 7.5364108000e-01 1.1109748800e-03 2.3179691000e-01 7.6709211000e-01
2.280000 1.0310764700e-03 2.4947022000e-01 7.4949870000e-01 1.1207630300e-03 2.3652004000e-01 7.6235920000e-01
2.290000 1.0403586400e-03 2.5360698000e-01 7.4535267000e-01 1.1304176000e-03 2.4124612000e-01 7.5762347000e-01
2.300000 1.0495473500e-03 2.5774648000e-01 7.4120397000e-01 1.1399373300e-03 2.4597354000e-01 7.5288652000e-01
2.310000 1.0586409900e-03 2.6188770000e-01 7.3705365000e-01 1.1493209300e-03 2.5070071000e-01 7.4814996000e-01
2.320000 1.0676383500e-03 2.6602963000e-01 7.3290273000e-01 1.1585677500e-03 2.5542603000e-01 7.4341541000e-01
2.330000 1.0765380400e-03 2.7017128000e-01 7.2875218000e-01 1.1676768000e-03 2.6014797000e-01 7.3868435000e-01
2.340000 1.0853387400e-03 2.7431170000e-01 7.2460296000e-01 1.1766472900e-03 2.6486511000e-01 7.3395824000e-01
2.350000 1.0940394300e-03 2.7844991000e-01 7.2045605000e-01 1.1854788100e-03 2.6957593000e-01 7.2923859000e-01
2.360000 1.1026389500e-03 2.8258500000e-01 7.1631236000e-01 1.1941707800e-03 2.7427907000e-01 7.2452676000e-01
2.370000 1.1111362100e-03 2.8671608000e-01 7.1217279000e-01 1.2027227000e-03 2.7897321000e-01 7.1982407000e-01
2.380000 1.1195304400e-03 2.9084221000e-01 7.0803826000e-01 1.2111345400e-03 2.8365698000e-01 7.1513188000e-01
2.390000 1.1278206900e-03 2.9496255000e-01 7.0390963000e-01 1.2194060100e-03 2.8832915000e-01 7.1045144000e-01
2.400000 1.1371904200e-03 2.9876690000e-01 7.0009591000e-01 1.2292855100e-03 2.9251652000e-01 7.0625419000e-01
2.410000 1.1465044900e-03 3.0255859000e-01 6.9629490000e-01 1.2390882700e-03 2.9669148000e-01 7.0206944000e-01
2.420000 1.1557623100e-03 3.0633728000e-01 6.9250696000e-01 1.2488136600e-03 3.0085345000e-01 6.9789774000e-01
2.430000 1.1649632200e-03 3.1010262000e-01 6.8873241000e-01 1.2584609700e-03 3.0500188000e-01 6.9373966000e-01
2.440000 1.1741066100e-03 3.1385430000e-01 6.8497160000e-01 1.2680295700e-03 3.0913624000e-01 6.8959573000e-01
2.450000 1.1831919000e-03 3.1759200000e-01 6.8122481000e-01 1.2775188500e-03 3.1325602000e-01 6.8546646000e-01
2.460000 1.1922185400e-03 3.2131542000e-01 6.7749236000e-01 1.2869282600e-03 3.1736073000e-01 6.8135234000e-01
2.470000 1.2011859800e-03 3.2502430000e-01 6.7377452000e-01 1.2962572700e-03 3.2144989000e-01 6.7725385000e-01
2.480000 1.2265089900e-03 3.2869296000e-01 6.7008053000e-01 1.3228658900e-03 3.2527471000e-01 6.7340242000e-01
2.490000 1.2521114300e-03 3.3233246000e-01 6.6641543000e-01 1.3497512300e-03 3.2906754000e-01 6.6958271000e-01
2.500000 1.2779924800e-03 3.3594267000e-01 6.6277933000e-01 1.3769123000e-03 3.3282824000e-01 6.6579485000e-01