# wavelength transmittance reflectance absorbance transmittance reflectance absorbance
0.300000 1.5497556900e-04 2.2913555000e-01 7.7070947000e-01 1.6159059400e-04 2.2064990000e-01 7.7918851000e-01
0.310000 2.6238781700e-04 2.7832001000e-01 7.2141760000e-01 2.7127475000e-04 2.7147858000e-01 7.2825014000e-01
0.320000 4.2289841700e-04 3.0866976000e-01 6.9090735000e-01 4.2892970600e-04 3.0519481000e-01 6.9437626000e-01
0.330000 5.1900064900e-04 3.3207026000e-01 6.6741074000e-01 5.1782530800e-04 3.3140125000e-01 6.6808092000e-01
0.340000 1.0102436100e-03 3.2659118000e-01 6.7239857000e-01 9.9574016600e-04 3.2833434000e-01 6.7066992000e-01
0.350000 1.5202336500e-03 3.1734738000e-01 6.8113238000e-01 1.4843585400e-03 3.2133440000e-01 6.7718124000e-01
0.360000 2.0320181600e-03 3.0192230000e-01 6.9604569000e-01 1.9792645100e-03 3.0722321000e-01 6.9079753000e-01
0.370000 2.5009549600e-03 2.8439407000e-01 7.1310497000e-01 2.4492368200e-03 2.8923272000e-01 7.0831804000e-01
0.380000 3.0726013400e-03 2.6221008000e-01 7.3471732000e-01 3.0295068500e-03 2.6587735000e-01 7.3109315000e-01
0.390000 3.7714345600e-03 2.3617895000e-01 7.6004961000e-01 3.7368491700e-03 2.3880429000e-01 7.5745886000e-01
0.400000 4.6143953600e-03 2.0809630000e-01 7.8728930000e-01 4.5860139300e-03 2.0998064000e-01 7.8543335000e-01
0.410000 5.6164905500e-03 1.7996877000e-01 8.1441474000e-01 5.5924218700e-03 1.8134062000e-01 8.1306696000e-01
0.420000 5.3633329600e-03 1.5859559000e-01 8.3604108000e-01 5.3442586100e-03 1.5973904000e-01 8.3491670000e-01
0.430000 4.6094268300e-03 1.3839243000e-01 8.5699815000e-01 4.5949798800e-03 1.3939626000e-01 8.5600876000e-01
0.440000 4.0151561600e-03 1.1596317000e-01 8.8002167000e-01 4.0051269500e-03 1.1676923000e-01 8.7922564000e-01
0.450000 3.5383491200e-03 9.1919420000e-02 9.0454223000e-01 3.5331030900e-03 9.2406830000e-02 9.0406006000e-01
0.460000 3.1473536700e-03 6.7312450000e-02 9.2954020000e-01 3.1462531100e-03 6.7375070000e-02 9.2947867000e-01
0.470000 2.8129529300e-03 4.4264500000e-02 9.5292254000e-01 2.8134441900e-03 4.3939140000e-02 9.5324742000e-01
0.480000 2.5140318600e-03 2.5207780000e-02 9.7227819000e-01 2.5141757100e-03 2.4585260000e-02 9.7290056000e-01
0.490000 2.2418603500e-03 1.2155200000e-02 9.8560294000e-01 2.2415348600e-03 1.1274060000e-02 9.8648440000e-01
0.500000 1.8943049500e-03 4.5783200000e-03 9.9352738000e-01 1.8964643700e-03 4.1049100000e-03 9.9399862000e-01
0.510000 1.4921623300e-03 4.7518300000e-03 9.9375601000e-01 1.4839315000e-03 4.1560400000e-03 9.9436003000e-01
0.520000 1.1691883100e-03 1.0553050000e-02 9.8827776000e-01 1.1584076500e-03 9.6161900000e-03 9.8922541000e-01
0.530000 9.1479201600e-04 1.9848170000e-02 9.7923704000e-01 9.0424990700e-04 1.8367700000e-02 9.8072805000e-01
0.540000 7.1703275700e-04 3.0823660000e-02 9.6845931000e-01 7.0749242800e-04 2.8638050000e-02 9.7065446000e-01
0.550000 5.6420305100e-04 4.2167820000e-02 9.5726798000e-01 5.5581743000e-04 3.9112000000e-02 9.6033218000e-01
0.560000 4.4615845500e-04 5.2882580000e-02 9.4667126000e-01 4.3915662500e-04 4.8919350000e-02 9.5064149000e-01
0.570000 3.5471108300e-04 6.2222310000e-02 9.3742298000e-01 3.4930055100e-04 5.7585050000e-02 9.4206565000e-01
0.580000 2.8373366700e-04 6.9772110000e-02 9.2994416000e-01 2.7984252200e-04 6.4871920000e-02 9.3484824000e-01
0.590000 2.2846912600e-04 7.5462880000e-02 9.2430865000e-01 2.2577629800e-04 7.0650750000e-02 9.2912347000e-01
0.600000 1.8529557200e-04 7.9394080000e-02 9.2042062000e-01 1.8343517000e-04 7.4853530000e-02 9.2496303000e-01
0.610000 1.5135823100e-04 8.1725590000e-02 9.1812305000e-01 1.5004666000e-04 7.7522710000e-02 9.2232725000e-01
0.620000 1.2462863300e-04 8.2621730000e-02 9.1725364000e-01 1.2367244600e-04 7.8767750000e-02 9.2110858000e-01
0.630000 1.1409026300e-04 8.1294250000e-02 9.1859166000e-01 1.1332273900e-04 7.7833190000e-02 9.2205349000e-01
0.640000 1.0488416500e-04 7.9240810000e-02 9.2065430000e-01 1.0424291500e-04 7.6108720000e-02 9.2378704000e-01
0.650000 9.6808686400e-05 7.6598260000e-02 9.2330493000e-01 9.6247097200e-05 7.3718480000e-02 9.2618528000e-01
0.660000 8.9677057800e-05 7.3488710000e-02 9.2642161000e-01 8.9161893100e-05 7.0785170000e-02 9.2912567000e-01
0.670000 8.3353492800e-05 7.0026730000e-02 9.2988992000e-01 8.2861934100e-05 6.7433570000e-02 9.3248357000e-01
0.680000 7.7727325200e-05 6.6311190000e-02 9.3361108000e-01 7.7243566800e-05 6.3776080000e-02 9.3614667000e-01
0.690000 7.2687637900e-05 6.2426990000e-02 9.3750033000e-01 7.2199440300e-05 5.9907370000e-02 9.4002043000e-01
0.700000 6.8163947700e-05 5.8447080000e-02 9.4148475000e-01 6.7659497500e-05 5.5902760000e-02 9.4402958000e-01
0.710000 6.4078204800e-05 5.4432400000e-02 9.4550352000e-01 6.3543962100e-05 5.1815510000e-02 9.4812094000e-01
0.720000 6.0372626900e-05 5.0428450000e-02 9.4951118000e-01 5.9792407800e-05 4.7676000000e-02 9.5226420000e-01
0.730000 5.7008520700e-05 4.6483430000e-02 9.5345956000e-01 5.6364358700e-05 4.3515700000e-02 9.5642793000e-01
0.740000 5.3921830800e-05 4.2613920000e-02 9.5733216000e-01 5.3196969300e-05 3.9341030000e-02 9.6060577000e-01
0.750000 5.1103894700e-05 3.8865620000e-02 9.6108327000e-01 5.0286760400e-05 3.5205060000e-02 9.6474465000e-01
0.760000 4.8498660800e-05 3.5237970000e-02 9.6471353000e-01 4.7587899300e-05 3.1135690000e-02 9.6881672000e-01
0.770000 4.6083462200e-05 3.1749710000e-02 9.6820421000e-01 4.5090771100e-05 2.7200020000e-02 9.7275489000e-01
0.780000 4.3853316900e-05 2.8434660000e-02 9.7152149000e-01 4.2803062900e-05 2.3487710000e-02 9.7646949000e-01
0.790000 4.1776734300e-05 2.5294580000e-02 9.7466365000e-01 4.0703739600e-05 2.0050380000e-02 9.7990892000e-01
0.800000 3.9841142900e-05 2.2358550000e-02 9.7760161000e-01 3.8784987100e-05 1.6946430000e-02 9.8301478000e-01
0.810000 3.8035767400e-05 1.9647020000e-02 9.8031494000e-01 3.7035599200e-05 1.4202030000e-02 9.8576093000e-01
0.820000 3.6355863300e-05 1.7175290000e-02 9.8278835000e-01 3.5446531600e-05 1.1819020000e-02 9.8814553000e-01
0.830000 3.5626308600e-05 1.5121930000e-02 9.8484244000e-01 3.4818603300e-05 9.9642600000e-03 9.9000092000e-01
0.840000 3.6574470900e-05 1.3560420000e-02 9.8640300000e-01 3.5859181900e-05 8.6948900000e-03 9.9126925000e-01
0.850000 3.7546173400e-05 1.2158550000e-02 9.8780390000e-01 3.6943921700e-05 7.6101500000e-03 9.9235290000e-01
0.860000 3.8514172400e-05 1.0912170000e-02 9.8904932000e-01 3.8042782200e-05 6.6831900000e-03 9.9327877000e-01
0.870000 3.9494484400e-05 9.8210700000e-03 9.9013944000e-01 3.9168443300e-05 5.8968200000e-03 9.9406402000e-01
0.880000 4.0490273100e-05 8.8761400000e-03 9.9108337000e-01 4.0321701400e-05 5.2315300000e-03 9.9472815000e-01
0.890000 4.1490230500e-05 8.0728900000e-03 9.9188562000e-01 4.1488797900e-05 4.6734100000e-03 9.9528510000e-01
0.900000 4.2496180400e-05 7.4121900000e-03 9.9254531000e-01 4.2668718200e-05 4.2156600000e-03 9.9574167000e-01
0.910000 4.3508614600e-05 6.8781400000e-03 9.9307835000e-01 4.3860776600e-05 3.8447200000e-03 9.9611142000e-01
0.920000 4.4529627000e-05 6.4714000000e-03 9.9348407000e-01 4.5064635700e-05 3.5585800000e-03 9.9639636000e-01
0.930000 4.5558782800e-05 6.1860900000e-03 9.9376835000e-01 4.6278135800e-05 3.3532200000e-03 9.9660050000e-01
0.940000 4.6599661200e-05 6.0133900000e-03 9.9394001000e-01 4.7503603700e-05 3.2243600000e-03 9.9672814000e-01
0.950000 4.7637209700e-05 5.9524500000e-03 9.9399991000e-01 4.8724117200e-05 3.1726600000e-03 9.9677862000e-01
0.960000 4.8685965600e-05 5.9936200000e-03 9.9395769000e-01 4.9953306000e-05 3.1952900000e-03 9.9675476000e-01
0.970000 4.9724017400e-05 6.1348100000e-03 9.9381547000e-01 5.1167707500e-05 3.2931500000e-03 9.9665568000e-01
0.980000 5.0779913900e-05 6.3695100000e-03 9.9357971000e-01 5.2395074500e-05 3.4661300000e-03 9.9648148000e-01
0.990000 5.1842761900e-05 6.6940600000e-03 9.9325410000e-01 5.3623454600e-05 3.7147000000e-03 9.9623167000e-01
1.000000 5.2905625500e-05 7.1023500000e-03 9.9284474000e-01 5.4845090700e-05 4.0378900000e-03 9.9590726000e-01
1.010000 5.3975453000e-05 7.5908600000e-03 9.9235516000e-01 5.6066241600e-05 4.4364700000e-03 9.9550747000e-01
1.020000 5.5045367500e-05 8.1538400000e-03 9.9179112000e-01 5.7279353300e-05 4.9091300000e-03 9.9503359000e-01
1.030000 5.6115419400e-05 8.7869500000e-03 9.9115694000e-01 5.8483922600e-05 5.4553700000e-03 9.9448615000e-01
1.040000 5.7192706600e-05 9.4868300000e-03 9.9045598000e-01 5.9686748800e-05 6.0750800000e-03 9.9386524000e-01
1.050000 5.8288550800e-05 1.0247170000e-02 9.8969454000e-01 6.0899124400e-05 6.7657300000e-03 9.9317337000e-01
1.060000 5.9384954000e-05 1.1065020000e-02 9.8887560000e-01 6.2102370600e-05 7.5263200000e-03 9.9241158000e-01
1.070000 6.0470778700e-05 1.1939090000e-02 9.8800044000e-01 6.3284869900e-05 8.3569800000e-03 9.9157974000e-01
1.080000 6.1575671700e-05 1.2862000000e-02 9.8707642000e-01 6.4476913000e-05 9.2534000000e-03 9.9068212000e-01
1.090000 6.2688550500e-05 1.3832740000e-02 9.8610457000e-01 6.5667138100e-05 1.0215210000e-02 9.8971912000e-01
1.100000 6.3802536000e-05 1.4847240000e-02 9.8508896000e-01 6.6848399200e-05 1.1239490000e-02 9.8869366000e-01
1.110000 6.4936086600e-05 1.5901100000e-02 9.8403396000e-01 6.8039784500e-05 1.2322960000e-02 9.8760900000e-01
1.120000 6.6059699300e-05 1.6995540000e-02 9.8293840000e-01 6.9211012300e-05 1.3466130000e-02 9.8646466000e-01
1.130000 6.7184768700e-05 1.8125800000e-02 9.8180702000e-01 7.0373884000e-05 1.4664990000e-02 9.8526464000e-01
1.140000 6.8329789100e-05 1.9287960000e-02 9.8064371000e-01 7.1547693700e-05 1.5915810000e-02 9.8401264000e-01
1.150000 6.9465114000e-05 2.0484130000e-02 9.7944641000e-01 7.2702078200e-05 1.7219490000e-02 9.8270781000e-01
1.160000 7.0620543700e-05 2.1708490000e-02 9.7822089000e-01 7.3868008000e-05 1.8570460000e-02 9.8135567000e-01
1.170000 7.1784771000e-05 2.2961950000e-02 9.7696627000e-01 7.5034152600e-05 1.9968430000e-02 9.7995653000e-01
1.180000 7.2950754700e-05 2.4242450000e-02 9.7568460000e-01 7.6193380100e-05 2.1410660000e-02 9.7851314000e-01
1.190000 7.4118483100e-05 2.5548880000e-02 9.7437700000e-01 7.7345967300e-05 2.2895060000e-02 9.7702759000e-01
1.200000 7.5306329200e-05 2.6878860000e-02 9.7304584000e-01 7.8511250600e-05 2.4418350000e-02 9.7550313000e-01
1.210000 7.6491461500e-05 2.8236500000e-02 9.7168700000e-01 7.9666162100e-05 2.5982950000e-02 9.7393738000e-01
1.220000 7.7678118100e-05 2.9618190000e-02 9.7030413000e-01 8.0815169700e-05 2.7584510000e-02 9.7233468000e-01
1.230000 7.8877521900e-05 3.1021290000e-02 9.6889983000e-01 8.1970098500e-05 2.9219340000e-02 9.7069869000e-01
1.240000 8.0092193100e-05 3.2449880000e-02 9.6747002000e-01 8.3134295100e-05 3.0889760000e-02 9.6902710000e-01
1.250000 8.1957667000e-05 3.3966530000e-02 9.6595151000e-01 8.4975902700e-05 3.2645060000e-02 9.6726996000e-01
1.260000 8.3842928900e-05 3.5512380000e-02 9.6440378000e-01 8.6831654600e-05 3.4436640000e-02 9.6547653000e-01
1.270000 8.5740461200e-05 3.7086730000e-02 9.6282753000e-01 8.8693800300e-05 3.6262850000e-02 9.6364846000e-01
1.280000 8.7649755600e-05 3.8689830000e-02 9.6122252000e-01 9.0561990300e-05 3.8122890000e-02 9.6178655000e-01
1.290000 8.9577585800e-05 4.0323030000e-02 9.5958739000e-01 9.2443547400e-05 4.0016870000e-02 9.5989069000e-01
1.300000 9.1535521900e-05 4.1984640000e-02 9.5792383000e-01 9.4350450100e-05 4.1942080000e-02 9.5796357000e-01
1.310000 1.0578201200e-04 4.2350150000e-02 9.5754407000e-01 1.0884248000e-04 4.2506860000e-02 9.5738430000e-01
1.320000 1.0980285400e-04 4.3907090000e-02 9.5598311000e-01 1.1284288700e-04 4.4303160000e-02 9.5558400000e-01
1.330000 1.1391207100e-04 4.5501560000e-02 9.5438453000e-01 1.1692602900e-04 4.6133510000e-02 9.5374956000e-01
1.340000 1.1810921200e-04 4.7134160000e-02 9.5274773000e-01 1.2109151300e-04 4.7997950000e-02 9.5188095000e-01
1.350000 1.2239373400e-04 4.8805370000e-02 9.5107224000e-01 1.2533887500e-04 4.9896440000e-02 9.4997822000e-01
1.360000 1.2676504800e-04 5.0515790000e-02 9.4935744000e-01 1.2966762800e-04 5.1829080000e-02 9.4804125000e-01
1.370000 1.3122243700e-04 5.2265840000e-02 9.4760294000e-01 1.3407716600e-04 5.3795840000e-02 9.4607008000e-01
1.380000 1.3576509800e-04 5.4055950000e-02 9.4580828000e-01 1.3856680700e-04 5.5796760000e-02 9.4406468000e-01
1.390000 1.4039218600e-04 5.5886570000e-02 9.4397304000e-01 1.4313585500e-04 5.7831870000e-02 9.4202499000e-01
1.400000 1.4510273800e-04 5.7758000000e-02 9.4209690000e-01 1.4778349700e-04 5.9901180000e-02 9.3995104000e-01
1.410000 1.4989566900e-04 5.9670540000e-02 9.4017956000e-01 1.5250881300e-04 6.2004660000e-02 9.3784283000e-01
1.420000 1.5476991400e-04 6.1624470000e-02 9.3822076000e-01 1.5731092800e-04 6.4142330000e-02 9.3570036000e-01
1.430000 1.5972425000e-04 6.3620030000e-02 9.3622025000e-01 1.6218880400e-04 6.6314200000e-02 9.3352362000e-01
1.440000 1.6475737500e-04 6.5657260000e-02 9.3417799000e-01 1.6714134300e-04 6.8520090000e-02 9.3131277000e-01
1.450000 1.6986797600e-04 6.7736420000e-02 9.3209371000e-01 1.7216744700e-04 7.0760120000e-02 9.2906771000e-01
1.460000 1.7505459900e-04 6.9857430000e-02 9.2996752000e-01 1.7726588900e-04 7.3034050000e-02 9.2678869000e-01
1.470000 1.8031573500e-04 7.2020380000e-02 9.2779930000e-01 1.8243538000e-04 7.5341870000e-02 9.2447569000e-01
1.480000 1.8564984500e-04 7.4225160000e-02 9.2558919000e-01 1.8767463800e-04 7.7683380000e-02 9.2212895000e-01
1.490000 1.9105528600e-04 7.6471740000e-02 9.2333720000e-01 1.9298225600e-04 8.0058500000e-02 9.1974852000e-01
1.500000 1.9653034400e-04 7.8759860000e-02 9.2104361000e-01 1.9835677700e-04 8.2466930000e-02 9.1733471000e-01
1.510000 2.0207328000e-04 8.1089420000e-02 9.1870851000e-01 2.0379672200e-04 8.4908590000e-02 9.1488761000e-01
1.520000 2.0768228900e-04 8.3460120000e-02 9.1633220000e-01 2.0930054900e-04 8.7383170000e-02 9.1240753000e-01
1.530000 2.1335547300e-04 8.5871620000e-02 9.1391503000e-01 2.1486662500e-04 8.9890390000e-02 9.0989474000e-01
1.540000 2.1909096200e-04 8.8323630000e-02 9.1145728000e-01 2.2049335400e-04 9.2430020000e-02 9.0734949000e-01
1.550000 2.2488676700e-04 9.0815690000e-02 9.0895943000e-01 2.2617902200e-04 9.5001660000e-02 9.0477216000e-01
1.560000 2.3074086300e-04 9.3347420000e-02 9.0642184000e-01 2.3192186600e-04 9.7605060000e-02 9.0216302000e-01
1.570000 2.3665124200e-04 9.5918210000e-02 9.0384514000e-01 2.3772017000e-04 1.0023970000e-01 8.9952258000e-01
1.580000 2.4261580900e-04 9.8527700000e-02 9.0122968000e-01 2.4357209600e-04 1.0290537000e-01 8.9685106000e-01
1.590000 2.4863240500e-04 1.0117509000e-01 8.9857628000e-01 2.4947576900e-04 1.0560139000e-01 8.9414914000e-01
1.600000 2.5469896300e-04 1.0386000000e-01 8.9588530000e-01 2.5542938700e-04 1.0832757000e-01 8.9141700000e-01
1.610000 2.6081323300e-04 1.0658153000e-01 8.9315765000e-01 2.6143097500e-04 1.1108318000e-01 8.8865539000e-01
1.620000 2.6697303600e-04 1.0933918000e-01 8.9039385000e-01 2.6747860800e-04 1.1386787000e-01 8.8586465000e-01
1.630000 2.7317619700e-04 1.1213209000e-01 8.8759473000e-01 2.7357038400e-04 1.1668102000e-01 8.8304541000e-01
1.640000 2.7942045700e-04 1.1495957000e-01 8.8476101000e-01 2.7970429400e-04 1.1952212000e-01 8.8019818000e-01
1.650000 2.8570353700e-04 1.1782077000e-01 8.8189353000e-01 2.8587831000e-04 1.2239052000e-01 8.7732360000e-01
1.660000 2.9202325000e-04 1.2071488000e-01 8.7899309000e-01 2.9209049400e-04 1.2528566000e-01 8.7442225000e-01
1.670000 2.9837730500e-04 1.2364109000e-01 8.7606053000e-01 2.9833878900e-04 1.2820693000e-01 8.7149473000e-01
1.680000 3.0476339900e-04 1.2659840000e-01 8.7309683000e-01 3.0462112700e-04 1.3115357000e-01 8.6854181000e-01
1.690000 3.1117934800e-04 1.2958612000e-01 8.7010270000e-01 3.1093554400e-04 1.3412513000e-01 8.6556394000e-01
1.700000 3.1762286400e-04 1.3260305000e-01 8.6707932000e-01 3.1727997900e-04 1.3712064000e-01 8.6256208000e-01
1.710000 3.2409162000e-04 1.3564853000e-01 8.6402738000e-01 3.2365229700e-04 1.4013969000e-01 8.5953666000e-01
1.720000 3.3058348700e-04 1.3872133000e-01 8.6094808000e-01 3.3005058600e-04 1.4318129000e-01 8.5648866000e-01
1.730000 3.3709618700e-04 1.4182077000e-01 8.5784213000e-01 3.3647274200e-04 1.4624501000e-01 8.5341852000e-01
1.740000 3.4362745600e-04 1.4494552000e-01 8.5471085000e-01 3.4291669700e-04 1.4932976000e-01 8.5032732000e-01
1.750000 3.5017518300e-04 1.4809490000e-01 8.5155492000e-01 3.4938049900e-04 1.5243511000e-01 8.4721551000e-01
1.760000 3.5673714400e-04 1.5126768000e-01 8.4837558000e-01 3.5586209500e-04 1.5556009000e-01 8.4408405000e-01
1.770000 3.6331113800e-04 1.5446293000e-01 8.4517376000e-01 3.6235943100e-04 1.5870399000e-01 8.4093365000e-01
1.780000 3.6989512200e-04 1.5767961000e-01 8.4195049000e-01 3.6887060600e-04 1.6186603000e-01 8.3776510000e-01
1.790000 3.7648694500e-04 1.6091667000e-01 8.3870684000e-01 3.7539360300e-04 1.6504539000e-01 8.3457922000e-01
1.800000 3.8308449300e-04 1.6417317000e-01 8.3544375000e-01 3.8192642300e-04 1.6824138000e-01 8.3137669000e-01
1.810000 3.8968577600e-04 1.6744789000e-01 8.3216243000e-01 3.8846719400e-04 1.7145301000e-01 8.2815852000e-01
1.820000 3.9628876500e-04 1.7074006000e-01 8.2886365000e-01 3.9501398000e-04 1.7467975000e-01 8.2492524000e-01
1.830000 4.0289142800e-04 1.7404830000e-01 8.2554881000e-01 4.0156484600e-04 1.7792043000e-01 8.2167800000e-01
1.840000 4.0949189500e-04 1.7737207000e-01 8.2221844000e-01 4.0811799100e-04 1.8117474000e-01 8.1841714000e-01
1.850000 4.1608823700e-04 1.8070982000e-01 8.1887409000e-01 4.1467156500e-04 1.8444137000e-01 8.1514396000e-01
1.860000 4.2267849400e-04 1.8406099000e-01 8.1551633000e-01 4.2122365800e-04 1.8771994000e-01 8.1185884000e-01
1.870000 4.2926097400e-04 1.8742419000e-01 8.1214655000e-01 4.2777263200e-04 1.9100929000e-01 8.0856293000e-01
1.880000 4.3583380100e-04 1.9079875000e-01 8.0876541000e-01 4.3431664600e-04 1.9430895000e-01 8.0525673000e-01
1.890000 4.4239518500e-04 1.9418344000e-01 8.0537416000e-01 4.4085394100e-04 1.9761789000e-01 8.0194126000e-01
1.900000 4.4894353600e-04 1.9757743000e-01 8.0197362000e-01 4.4738294300e-04 2.0093547000e-01 7.9861715000e-01
1.910000 4.5547708800e-04 2.0097968000e-01 7.9856485000e-01 4.5390189600e-04 2.0426082000e-01 7.9528528000e-01
1.920000 4.6199420200e-04 2.0438922000e-01 7.9514879000e-01 4.6040916200e-04 2.0759317000e-01 7.9194642000e-01
1.930000 4.6849338800e-04 2.0780526000e-01 7.9172624000e-01 4.6690324100e-04 2.1093190000e-01 7.8860119000e-01
1.940000 4.7497308300e-04 2.1122663000e-01 7.8829840000e-01 4.7338255000e-04 2.1427600000e-01 7.8525061000e-01
1.950000 4.8143168300e-04 2.1465271000e-01 7.8486586000e-01 4.7984546200e-04 2.1762502000e-01 7.8189513000e-01
1.960000 4.8786792800e-04 2.1808226000e-01 7.8142987000e-01 4.8629068000e-04 2.2097787000e-01 7.7853584000e-01
1.970000 4.9428027000e-04 2.2151491000e-01 7.7799081000e-01 4.9271661200e-04 2.2433433000e-01 7.7517296000e-01
1.980000 5.0066737700e-04 2.2494919000e-01 7.7455015000e-01 4.9912188000e-04 2.2769306000e-01 7.7180781000e-01
1.990000 5.0702798200e-04 2.2838482000e-01 7.7110815000e-01 5.0550515400e-04 2.3105394000e-01 7.6844055000e-01
2.000000 5.1336083700e-04 2.3182058000e-01 7.6766606000e-01 5.1186512300e-04 2.3441586000e-01 7.6507228000e-01
2.010000 5.1966454500e-04 2.3525590000e-01 7.6422443000e-01 5.1820032100e-04 2.3777837000e-01 7.6170343000e-01
2.020000 5.2593815900e-04 2.3868985000e-01 7.6078421000e-01 5.2450971700e-04 2.4114066000e-01 7.5833483000e-01
2.030000 5.3218042600e-04 2.4212177000e-01 7.5734605000e-01 5.3079197800e-04 2.4450220000e-01 7.5496701000e-01
2.040000 5.3839019600e-04 2.4555084000e-01 7.5391077000e-01 5.3704586400e-04 2.4786224000e-01 7.5160071000e-01
2.050000 5.4456657300e-04 2.4897635000e-01 7.5047908000e-01 5.4327037800e-04 2.5122019000e-01 7.4823654000e-01
2.060000 5.5070856300e-04 2.5239723000e-01 7.4705207000e-01 5.4946442400e-04 2.5457507000e-01 7.4487547000e-01
2.070000 5.5681513900e-04 2.5581276000e-01 7.4363042000e-01 5.5562686800e-04 2.5792625000e-01 7.4151812000e-01
2.080000 5.6288554500e-04 2.5922232000e-01 7.4021480000e-01 5.6175683800e-04 2.6127319000e-01 7.3816505000e-01
2.090000 5.6891883700e-04 2.6262523000e-01 7.3680585000e-01 5.6785327500e-04 2.6461529000e-01 7.3481685000e-01
2.100000 5.7491412000e-04 2.6602087000e-01 7.3340421000e-01 5.7391517000e-04 2.6795198000e-01 7.3147410000e-01
2.110000 5.8087071900e-04 2.6940864000e-01 7.3001049000e-01 5.7994171700e-04 2.7128274000e-01 7.2813732000e-01
2.120000 5.8678785500e-04 2.7278796000e-01 7.2662525000e-01 5.8593201400e-04 2.7460704000e-01 7.2480703000e-01
2.130000 5.9266471800e-04 2.7615824000e-01 7.2324910000e-01 5.9188512300e-04 2.7792433000e-01 7.2148379000e-01
2.140000 5.9850080100e-04 2.7951896000e-01 7.1988254000e-01 5.9780040200e-04 2.8123416000e-01 7.1816804000e-01
2.150000 6.0429538800e-04 2.8286959000e-01 7.1652612000e-01 6.0367700100e-04 2.8453602000e-01 7.1486030000e-01
2.160000 6.1004779100e-04 2.8620960000e-01 7.1318036000e-01 6.0951410000e-04 2.8782943000e-01 7.1156105000e-01
2.170000 6.1575762100e-04 2.8953853000e-01 7.0984571000e-01 6.1531116600e-04 2.9111397000e-01 7.0827072000e-01
2.180000 6.2142426100e-04 2.9285592000e-01 7.0652266000e-01 6.2106744600e-04 2.9438918000e-01 7.0498975000e-01
2.190000 6.2704712900e-04 2.9616128000e-01 7.0321167000e-01 6.2678221900e-04 2.9765463000e-01 7.0171859000e-01
2.200000 6.3262595500e-04 2.9945423000e-01 6.9991314000e-01 6.3245506900e-04 3.0090993000e-01 6.9845761000e-01
2.210000 6.3816017100e-04 3.0273434000e-01 6.9662750000e-01 6.3808528600e-04 3.0415467000e-01 6.9520724000e-01
2.220000 6.4364933700e-04 3.0600120000e-01 6.9335515000e-01 6.4367229400e-04 3.0738846000e-01 6.9196787000e-01
2.230000 6.4909324900e-04 3.0925447000e-01 6.9009644000e-01 6.4921573700e-04 3.1061097000e-01 6.8873982000e-01
2.240000 6.5449147700e-04 3.1249377000e-01 6.8685174000e-01 6.5471504800e-04 3.1382182000e-01 6.8552347000e-01
2.250000 6.5984361800e-04 3.1571875000e-01 6.8362140000e-01 6.6016968100e-04 3.1702065000e-01 6.8231918000e-01
2.260000 6.6514957600e-04 3.1892912000e-01 6.8040573000e-01 6.6557939300e-04 3.2020719000e-01 6.7912723000e-01
2.270000 6.7040900000e-04 3.2212456000e-01 6.7720503000e-01 6.7094369600e-04 3.2338109000e-01 6.7594796000e-01
2.280000 6.7562156700e-04 3.2530476000e-01 6.7401962000e-01 6.7626212700e-04 3.2654205000e-01 6.7278169000e-01
2.290000 6.8078726400e-04 3.2846947000e-01 6.7084974000e-01 6.8153452700e-04 3.2968981000e-01 6.6962866000e-01
2.300000 6.8590583200e-04 3.3161844000e-01 6.6769566000e-01 6.8676050200e-04 3.3282408000e-01 6.6648916000e-01
2.310000 6.9097696500e-04 3.3475137000e-01 6.6455765000e-01 6.9193961200e-04 3.3594459000e-01 6.6336347000e-01
2.320000 6.9600077800e-04 3.3786810000e-01 6.6143590000e-01 6.9707183000e-04 3.3905111000e-01 6.6025181000e-01
2.330000 7.0097704400e-04 3.4096838000e-01 6.5833064000e-01 7.0215679700e-04 3.4214341000e-01 6.5715444000e-01
2.340000 7.0590557500e-04 3.4405200000e-01 6.5524209000e-01 7.0719419400e-04 3.4522123000e-01 6.5407158000e-01
2.350000 7.1078649900e-04 3.4711880000e-01 6.5217041000e-01 7.1218401500e-04 3.4828440000e-01 6.5100342000e-01
2.360000 7.1561966900e-04 3.5016859000e-01 6.4911579000e-01 7.1712598600e-04 3.5133269000e-01 6.4795018000e-01
2.370000 7.2040495200e-04 3.5320119000e-01 6.4607841000e-01 7.2201984900e-04 3.5436591000e-01 6.4491207000e-01
2.380000 7.2514254000e-04 3.5621648000e-01 6.4305838000e-01 7.2686566700e-04 3.5738390000e-01 6.4188924000e-01
2.390000 7.2983233700e-04 3.5921432000e-01 6.4005585000e-01 7.3166322400e-04 3.6038648000e-01 6.3888186000e-01
2.400000 7.3598166500e-04 3.6243624000e-01 6.3682778000e-01 7.3789115300e-04 3.6360002000e-01 6.3566209000e-01
2.410000 7.4210106000e-04 3.6564252000e-01 6.3361538000e-01 7.4408996900e-04 3.6679857000e-01 6.3245734000e-01
2.420000 7.4819015900e-04 3.6883303000e-01 6.3041878000e-01 7.5025928600e-04 3.6998198000e-01 6.2926776000e-01
2.430000 7.5424854400e-04 3.7200763000e-01 6.2723812000e-01 7.5639866200e-04 3.7315012000e-01 6.2609348000e-01
2.440000 7.6027582900e-04 3.7516621000e-01 6.2407352000e-01 7.6250768700e-04 3.7630288000e-01 6.2293461000e-01
2.450000 7.6627164400e-04 3.7830865000e-01 6.2092508000e-01 7.6858597000e-04 3.7944013000e-01 6.1979129000e-01
2.460000 7.7223563300e-04 3.8143485000e-01 6.1779291000e-01 7.7463313000e-04 3.8256176000e-01 6.1666361000e-01
2.470000 7.7816745600e-04 3.8454471000e-01 6.1467712000e-01 7.8064880500e-04 3.8566767000e-01 6.1355168000e-01
2.480000 7.9621880100e-04 3.8715124000e-01 6.1205255000e-01 7.9876216800e-04 3.8829266000e-01 6.1090858000e-01
2.490000 8.1452263800e-04 3.8974086000e-01 6.0944462000e-01 8.1712808500e-04 3.9090053000e-01 6.0828234000e-01
2.500000 8.3307937000e-04 3.9231357000e-01 6.0685335000e-01 8.3574693800e-04 3.9349127000e-01 6.0567298000e-01